0 0.7680288461538461 0.4261853448275862 0.03485576923076923 0.04256465517241379
0 0.8076923076923077 0.875 0.031650641025641024 0.04040948275862069
0 0.41626602564102566 0.1945043103448276 0.037259615384615384 0.045797413793103446
0 0.9118589743589743 0.42510775862068967 0.030448717948717948 0.04310344827586207
0 0.05809294871794872 0.7683189655172413 0.03325320512820513 0.05603448275862069
0 0.26161858974358976 0.9100215517241379 0.034054487179487176 0.05172413793103448
0 0.5228365384615384 0.6605603448275862 0.036458333333333336 0.03556034482758621
0 0.5560897435897436 0.5328663793103449 0.03806089743589743 0.036637931034482756
0 0.1971153846153846 0.41217672413793105 0.031650641025641024 0.04849137931034483
0 0.5981570512820513 0.599676724137931 0.03125 0.047952586206896554
0 0.5777243589743589 0.3442887931034483 0.03565705128205128 0.0490301724137931
0 0.7540064102564102 0.1788793103448276 0.029647435897435896 0.04525862068965517
0 0.03886217948717949 0.8292025862068966 0.04607371794871795 0.03987068965517242
0 0.42267628205128205 0.10721982758620689 0.032852564102564104 0.045797413793103446
0 0.3874198717948718 0.6368534482758621 0.027644230769230768 0.04202586206896552
0 0.4515224358974359 0.6050646551724138 0.030849358974358976 0.05387931034482758
0 0.7339743589743589 0.9585129310344828 0.03325320512820513 0.0447198275862069
0 0.7307692307692307 0.23976293103448276 0.031650641025641024 0.047952586206896554
0 0.4807692307692308 0.36691810344827586 0.03125 0.047952586206896554
0 0.8509615384615384 0.3081896551724138 0.03245192307692308 0.04256465517241379
0 0.8293269230769231 0.37176724137931033 0.028044871794871796 0.04525862068965517
0 0.41746794871794873 0.05064655172413793 0.03205128205128205 0.04418103448275862
0 0.9158653846153846 0.8685344827586207 0.03485576923076923 0.040948275862068964
0 0.9731570512820513 0.5177801724137931 0.037259615384615384 0.04256465517241379
0 0.7608173076923077 0.6357758620689655 0.034054487179487176 0.0334051724137931
0 0.5753205128205128 0.041487068965517244 0.038461538461538464 0.03502155172413793
0 0.703125 0.08620689655172414 0.026041666666666668 0.04202586206896552
0 0.017628205128205128 0.33836206896551724 0.03445512820512821 0.04418103448275862
0 0.24879807692307693 0.39601293103448276 0.03485576923076923 0.04256465517241379
0 0.9803685897435898 0.24245689655172414 0.03926282051282051 0.04418103448275862
0 0.18068910256410256 0.10560344827586207 0.035256410256410256 0.04418103448275862
0 0.00921474358974359 0.06734913793103449 0.01842948717948718 0.04633620689655173
0 0.21834935897435898 0.11260775862068965 0.028044871794871796 0.03933189655172414
0 0.3505608974358974 0.2834051724137931 0.03205128205128205 0.04956896551724138
0 0.6033653846153846 0.921875 0.03205128205128205 0.05387931034482758
0 0.5757211538461539 0.9859913793103449 0.03325320512820513 0.028017241379310345
0 0.9711538461538461 0.9870689655172413 0.03766025641025641 0.02586206896551724
0 0.31009615384615385 0.011853448275862068 0.038461538461538464 0.023706896551724137
0 0.3373397435897436 0.7122844827586207 0.03565705128205128 0.046875
0 0.1141826923076923 0.4051724137931034 0.034054487179487176 0.04741379310344827
0 0.2387820512820513 0.4331896551724138 0.027644230769230768 0.03286637931034483
0 0.016826923076923076 0.9477370689655172 0.032852564102564104 0.03933189655172414
0 0.15064102564102563 0.14385775862068967 0.035256410256410256 0.03933189655172414
0 0.5232371794871795 0.015086206896551725 0.03685897435897436 0.03017241379310345
0 0.9903846153846154 0.07866379310344827 0.019230769230769232 0.04310344827586207
0 0.14302884615384615 0.5587284482758621 0.036458333333333336 0.05495689655172414
0 0.7247596153846154 0.6740301724137931 0.026442307692307692 0.046875
0 0.6674679487179487 0.20905172413793102 0.03125 0.04202586206896552
0 0.12860576923076922 0.6460129310344828 0.03365384615384615 0.052262931034482756
0 0.5328525641025641 0.3254310344827586 0.028846153846153848 0.04849137931034483
0 0.6310096153846154 0.44558189655172414 0.029246794871794872 0.052801724137931036
0 0.4110576923076923 0.9547413793103449 0.032852564102564104 0.05334051724137931
0 0.39663461538461536 0.8092672413793104 0.02844551282051282 0.05334051724137931
0 0.5404647435897436 0.20797413793103448 0.031650641025641024 0.0490301724137931
0 0.4322916666666667 0.36853448275862066 0.03245192307692308 0.041487068965517244
0 0.7908653846153846 0.8076508620689655 0.036458333333333336 0.03987068965517242
0 0.25440705128205127 0.9768318965517241 0.029647435897435896 0.04633620689655173
0 0.9326923076923077 0.9084051724137931 0.03325320512820513 0.040948275862068964
0 0.6678685897435898 0.0894396551724138 0.03445512820512821 0.03609913793103448
0 0.7083333333333334 0.9822198275862069 0.035256410256410256 0.03556034482758621
0 0.4595352564102564 0.8728448275862069 0.03125 0.05495689655172414
0 0.4935897435897436 0.8663793103448276 0.03245192307692308 0.04418103448275862
0 0.47876602564102566 0.7106681034482759 0.03245192307692308 0.045797413793103446
0 0.5444711538461539 0.7004310344827587 0.030448717948717948 0.03125
0 0.9823717948717948 0.6610991379310345 0.035256410256410256 0.0490301724137931