0 0.6654647435897436 0.06411637931034483 0.03886217948717949 0.04849137931034483
0 0.5649038461538461 0.9692887931034483 0.04006410256410257 0.052801724137931036
0 0.8826121794871795 0.915948275862069 0.036057692307692304 0.05818965517241379
0 0.1362179487179487 0.7699353448275862 0.03685897435897436 0.06088362068965517
0 0.5224358974358975 0.5425646551724138 0.04046474358974359 0.0447198275862069
0 0.21153846153846154 0.2979525862068966 0.036458333333333336 0.05118534482758621
0 0.12419871794871795 0.5382543103448276 0.03886217948717949 0.05064655172413793
0 0.14703525641025642 0.4353448275862069 0.038461538461538464 0.04525862068965517
0 0.26802884615384615 0.20851293103448276 0.046875 0.04202586206896552
0 0.9431089743589743 0.2661637931034483 0.034054487179487176 0.05818965517241379
0 0.6838942307692307 0.17672413793103448 0.04246794871794872 0.043642241379310345
0 0.532051282051282 0.8647629310344828 0.027243589743589744 0.05118534482758621
0 0.5532852564102564 0.615301724137931 0.03886217948717949 0.04741379310344827
0 0.5705128205128205 0.40625 0.03445512820512821 0.05441810344827586
0 0.5052083333333334 0.4170258620689655 0.034054487179487176 0.046875
0 0.044070512820512824 0.08459051724137931 0.035256410256410256 0.04956896551724138
0 0.624198717948718 0.25969827586206895 0.04006410256410257 0.036637931034482756
0 0.12980769230769232 0.021551724137931036 0.03766025641025641 0.04256465517241379
0 0.026842948717948716 0.4326508620689655 0.03565705128205128 0.05118534482758621
0 0.984375 0.6056034482758621 0.03125 0.04956896551724138
0 0.23157051282051283 0.8060344827586207 0.03325320512820513 0.05603448275862069
0 0.18830128205128205 0.9202586206896551 0.03565705128205128 0.05495689655172414
0 0.36538461538461536 0.2435344827586207 0.037259615384615384 0.0603448275862069
0 0.8277243589743589 0.41325431034482757 0.03245192307692308 0.052801724137931036
0 0.6879006410256411 0.8636853448275862 0.04126602564102564 0.05118534482758621
0 0.3605769230769231 0.7570043103448276 0.042067307692307696 0.05334051724137931
0 0.07251602564102565 0.3922413793103448 0.03245192307692308 0.06519396551724138
0 0.8353365384615384 0.19181034482758622 0.036458333333333336 0.045797413793103446
0 0.3501602564102564 0.09159482758620689 0.03485576923076923 0.06411637931034483
0 0.8221153846153846 0.5 0.03685897435897436 0.05064655172413793
0 0.3293269230769231 0.5210129310344828 0.03886217948717949 0.05872844827586207
0 0.9667467948717948 0.8292025862068966 0.03445512820512821 0.05872844827586207
0 0.8713942307692307 0.8248922413793104 0.030448717948717948 0.057112068965517244