0 0.9879807692307693 0.0738146551724138 0.023637820512820512 0.06357758620689655
0 0.953926282051282 0.12338362068965517 0.037259615384615384 0.05818965517241379
0 0.78125 0.12284482758620689 0.042067307692307696 0.06196120689655173
0 0.6690705128205128 0.13254310344827586 0.051682692307692304 0.05603448275862069
0 0.5444711538461539 0.1961206896551724 0.04807692307692308 0.06357758620689655
0 0.5036057692307693 0.11637931034482758 0.046875 0.052801724137931036
0 0.45713141025641024 0.10237068965517242 0.04326923076923077 0.05495689655172414
0 0.6530448717948718 0.31896551724137934 0.04447115384615385 0.05495689655172414
0 0.8954326923076923 0.32058189655172414 0.04006410256410257 0.05818965517241379
0 0.9663461538461539 0.33351293103448276 0.04767628205128205 0.04633620689655173
0 0.8902243589743589 0.5037715517241379 0.041666666666666664 0.06896551724137931
0 0.7327724358974359 0.5651939655172413 0.04767628205128205 0.05980603448275862
0 0.6975160256410257 0.6147629310344828 0.046474358974358976 0.04956896551724138
0 0.6602564102564102 0.6988146551724138 0.05128205128205128 0.05118534482758621
0 0.5028044871794872 0.6443965517241379 0.049679487179487176 0.05441810344827586
0 0.9314903846153846 0.5883620689655172 0.046875 0.04525862068965517
0 0.8020833333333334 0.9132543103448276 0.03245192307692308 0.05441810344827586
0 0.6366185897435898 0.8771551724137931 0.03445512820512821 0.05818965517241379
0 0.47315705128205127 0.802801724137931 0.04567307692307692 0.056573275862068964
0 0.26482371794871795 0.02586206896551724 0.05248397435897436 0.04741379310344827
0 0.21754807692307693 0.09375 0.04366987179487179 0.056573275862068964
0 0.3737980769230769 0.31950431034482757 0.044070512820512824 0.05118534482758621
0 0.18269230769230768 0.3480603448275862 0.04046474358974359 0.0603448275862069
0 0.4114583333333333 0.5247844827586207 0.03926282051282051 0.05603448275862069
0 0.3193108974358974 0.5366379310344828 0.042868589743589744 0.04741379310344827
0 0.10096153846153846 0.5695043103448276 0.057692307692307696 0.05872844827586207
0 0.3213141025641026 0.7844827586206896 0.034054487179487176 0.05603448275862069
0 0.3485576923076923 0.8744612068965517 0.046875 0.04741379310344827
0 0.2267628205128205 0.8151939655172413 0.035256410256410256 0.061422413793103446
0 0.13141025641025642 0.771551724137931 0.04607371794871795 0.05334051724137931
0 0.03806089743589743 0.41325431034482757 0.03926282051282051 0.04849137931034483
0 0.025240384615384616 0.2165948275862069 0.03445512820512821 0.0668103448275862