0 0.296474358974359 0.4692887931034483 0.046474358974358976 0.041487068965517244
0 0.6173878205128205 0.9331896551724138 0.03886217948717949 0.047952586206896554
0 0.8561698717948718 0.8507543103448276 0.04006410256410257 0.050107758620689655
0 0.47836538461538464 0.6848060344827587 0.035256410256410256 0.046875
0 0.19471153846153846 0.3884698275862069 0.044070512820512824 0.046875
0 0.5412660256410257 0.2607758620689655 0.04246794871794872 0.0334051724137931
0 0.5893429487179487 0.5420258620689655 0.04366987179487179 0.036637931034482756
0 0.5324519230769231 0.5662715517241379 0.038461538461538464 0.041487068965517244
0 0.6622596153846154 0.8507543103448276 0.036458333333333336 0.04310344827586207
0 0.8020833333333334 0.7209051724137931 0.034054487179487176 0.04256465517241379
0 0.38661858974358976 0.2963362068965517 0.03325320512820513 0.05064655172413793
0 0.17307692307692307 0.7155172413793104 0.03806089743589743 0.052801724137931036
0 0.594551282051282 0.4865301724137931 0.037259615384615384 0.03556034482758621
0 0.8998397435897436 0.14493534482758622 0.038461538461538464 0.028017241379310345
0 0.7824519230769231 0.4364224137931034 0.035256410256410256 0.06088362068965517
0 0.609375 0.25862068965517243 0.036458333333333336 0.03987068965517242
0 0.5140224358974359 0.09590517241379311 0.04126602564102564 0.03502155172413793
0 0.21233974358974358 0.8292025862068966 0.025240384615384616 0.03933189655172414
0 0.08693910256410256 0.4482758620689655 0.036057692307692304 0.04741379310344827
0 0.1486378205128205 0.25323275862068967 0.027644230769230768 0.05495689655172414
0 0.16987179487179488 0.02586206896551724 0.029647435897435896 0.04256465517241379
0 0.8441506410256411 0.4822198275862069 0.04246794871794872 0.046875
0 0.8838141025641025 0.671875 0.02283653846153846 0.05064655172413793
0 0.6466346153846154 0.5463362068965517 0.03445512820512821 0.037176724137931036
0 0.46153846153846156 0.9051724137931034 0.023237179487179488 0.04633620689655173
0 0.9322916666666666 0.2209051724137931 0.026842948717948716 0.046875
0 0.9855769230769231 0.13523706896551724 0.028846153846153848 0.03556034482758621