0 0.30248397435897434 0.6966594827586207 0.041666666666666664 0.0447198275862069
0 0.5592948717948718 0.08620689655172414 0.03766025641025641 0.0447198275862069
0 0.6550480769230769 0.6056034482758621 0.04046474358974359 0.04633620689655173
0 0.5620993589743589 0.7182112068965517 0.039663461538461536 0.036637931034482756
0 0.43349358974358976 0.5334051724137931 0.04366987179487179 0.0490301724137931
0 0.6205929487179487 0.9542025862068966 0.04006410256410257 0.04525862068965517
0 0.2063301282051282 0.6675646551724138 0.03685897435897436 0.04418103448275862
0 0.9334935897435898 0.29310344827586204 0.036458333333333336 0.0490301724137931
0 0.5316506410256411 0.3863146551724138 0.04126602564102564 0.036637931034482756
0 0.5913461538461539 0.15625 0.039663461538461536 0.03825431034482758
0 0.8966346153846154 0.5910560344827587 0.042067307692307696 0.04633620689655173
0 0.49198717948717946 0.34375 0.03766025641025641 0.04310344827586207
0 0.05128205128205128 0.38739224137931033 0.03766025641025641 0.04310344827586207
0 0.5737179487179487 0.5560344827586207 0.03886217948717949 0.034482758620689655
0 0.3485576923076923 0.2629310344827586 0.042067307692307696 0.03933189655172414
0 0.7251602564102564 0.6325431034482759 0.045272435897435896 0.03825431034482758
0 0.9314903846153846 0.21336206896551724 0.03886217948717949 0.03771551724137931
0 0.28205128205128205 0.265625 0.042868589743589744 0.034482758620689655
0 0.733573717948718 0.029094827586206896 0.04447115384615385 0.03178879310344827
0 0.6971153846153846 0.2979525862068966 0.046474358974358976 0.03933189655172414
0 0.47596153846153844 0.953125 0.037259615384615384 0.04741379310344827
0 0.8237179487179487 0.27370689655172414 0.04366987179487179 0.045797413793103446
0 0.7243589743589743 0.4542025862068966 0.04927884615384615 0.03609913793103448
0 0.5060096153846154 0.8216594827586207 0.038461538461538464 0.03017241379310345
0 0.8108974358974359 0.022629310344827586 0.04887820512820513 0.03125
0 0.8762019230769231 0.7850215517241379 0.038461538461538464 0.034482758620689655
0 0.3293269230769231 0.08728448275862069 0.042067307692307696 0.03394396551724138
0 0.1109775641025641 0.45689655172413796 0.04927884615384615 0.03609913793103448
0 0.983573717948718 0.5845905172413793 0.032852564102564104 0.03987068965517242
0 0.013221153846153846 0.1880387931034483 0.026442307692307692 0.04202586206896552
0 0.05448717948717949 0.15463362068965517 0.04487179487179487 0.04418103448275862
0 0.018028846153846152 0.011314655172413793 0.036057692307692304 0.022629310344827586
0 0.1674679487179487 0.17349137931034483 0.038461538461538464 0.0334051724137931
0 0.21033653846153846 0.24730603448275862 0.04326923076923077 0.03879310344827586
0 0.9106570512820513 0.11907327586206896 0.03325320512820513 0.029094827586206896
0 0.1642628205128205 0.7047413793103449 0.04326923076923077 0.04741379310344827
0 0.59375 0.4542025862068966 0.04807692307692308 0.028556034482758622
0 0.08693910256410256 0.6179956896551724 0.023237179487179488 0.028556034482758622
0 0.16306089743589744 0.9832974137931034 0.052083333333333336 0.0334051724137931
0 0.44711538461538464 0.8782327586206896 0.03325320512820513 0.03394396551724138
0 0.40344551282051283 0.9816810344827587 0.038461538461538464 0.036637931034482756
0 0.7467948717948718 0.9665948275862069 0.02844551282051282 0.036637931034482756
0 0.9551282051282052 0.947198275862069 0.03245192307692308 0.03933189655172414
0 0.8858173076923077 0.8415948275862069 0.034054487179487176 0.03933189655172414
0 0.7756410256410257 0.8076508620689655 0.037259615384615384 0.036637931034482756
0 0.2604166666666667 0.5969827586206896 0.04927884615384615 0.05495689655172414
0 0.05689102564102564 0.5969827586206896 0.024439102564102564 0.025323275862068964
0 0.008012820512820512 0.4078663793103448 0.015625 0.037176724137931036
0 0.33573717948717946 0.4542025862068966 0.03685897435897436 0.04040948275862069
0 0.3958333333333333 0.5754310344827587 0.05128205128205128 0.041487068965517244