0 0.020432692307692308 0.5899784482758621 0.040865384615384616 0.07974137931034483
0 0.23317307692307693 0.4326508620689655 0.05689102564102564 0.04956896551724138
0 0.2203525641025641 0.8669181034482759 0.05448717948717949 0.07058189655172414
0 0.41947115384615385 0.9310344827586207 0.05248397435897436 0.052801724137931036
0 0.42788461538461536 0.8539870689655172 0.05689102564102564 0.05172413793103448
0 0.2900641025641026 0.5538793103448276 0.05128205128205128 0.07489224137931035
0 0.5040064102564102 0.6524784482758621 0.04487179487179487 0.07219827586206896
0 0.5689102564102564 0.5484913793103449 0.048477564102564104 0.05818965517241379
0 0.6137820512820513 0.802801724137931 0.05689102564102564 0.05172413793103448
0 0.6722756410256411 0.8545258620689655 0.06129807692307692 0.06465517241379311
0 0.6590544871794872 0.7289870689655172 0.046875 0.06196120689655173
0 0.9066506410256411 0.5964439655172413 0.054086538461538464 0.0625
0 0.9839743589743589 0.9703663793103449 0.03205128205128205 0.05765086206896552
0 0.828125 0.7764008620689655 0.04927884615384615 0.0668103448275862
0 0.8762019230769231 0.42941810344827586 0.046474358974358976 0.06788793103448276
0 0.7924679487179487 0.3890086206896552 0.040865384615384616 0.07058189655172414
0 0.6915064102564102 0.13954741379310345 0.046875 0.05172413793103448
0 0.47716346153846156 0.12392241379310345 0.055288461538461536 0.05603448275862069
0 0.41426282051282054 0.11637931034482758 0.05809294871794872 0.05818965517241379
0 0.4238782051282051 0.359375 0.052884615384615384 0.04418103448275862
0 0.7307692307692307 0.0824353448275862 0.04567307692307692 0.05980603448275862