0 0.4306891025641026 0.31950431034482757 0.03365384615384615 0.056573275862068964
0 0.33413461538461536 0.21066810344827586 0.04567307692307692 0.04633620689655173
0 0.7560096153846154 0.5668103448275862 0.04607371794871795 0.03394396551724138
0 0.18509615384615385 0.5598060344827587 0.03445512820512821 0.04741379310344827
0 0.6430288461538461 0.1206896551724138 0.03125 0.05118534482758621
0 0.28966346153846156 0.7941810344827587 0.03325320512820513 0.052262931034482756
0 0.6935096153846154 0.8674568965517241 0.046474358974358976 0.03771551724137931
0 0.5028044871794872 0.5307112068965517 0.040865384615384616 0.03879310344827586
0 0.34775641025641024 0.40301724137931033 0.042868589743589744 0.037176724137931036
0 0.3802083333333333 0.6788793103448276 0.027644230769230768 0.04741379310344827
0 0.20352564102564102 0.9665948275862069 0.04246794871794872 0.03933189655172414
0 0.7451923076923077 0.1411637931034483 0.031650641025641024 0.04633620689655173
0 0.483974358974359 0.2349137931034483 0.03365384615384615 0.04956896551724138
0 0.13501602564102563 0.6551724137931034 0.03766025641025641 0.04256465517241379
0 0.9114583333333334 0.5571120689655172 0.030849358974358976 0.04256465517241379
0 0.060897435897435896 0.328125 0.03485576923076923 0.05064655172413793
0 0.9759615384615384 0.5802801724137931 0.030048076923076924 0.05334051724137931
0 0.6446314102564102 0.6023706896551724 0.042067307692307696 0.04525862068965517
0 0.6181891025641025 0.6686422413793104 0.030849358974358976 0.045797413793103446
0 0.9791666666666666 0.23976293103448276 0.028846153846153848 0.05172413793103448
0 0.3886217948717949 0.023168103448275863 0.042868589743589744 0.045797413793103446
0 0.06490384615384616 0.1810344827586207 0.030448717948717948 0.052262931034482756
0 0.9254807692307693 0.6584051724137931 0.03205128205128205 0.05334051724137931
0 0.8962339743589743 0.25538793103448276 0.035256410256410256 0.05765086206896552
0 0.3489583333333333 0.47790948275862066 0.03565705128205128 0.0490301724137931
0 0.6274038461538461 0.7241379310344828 0.028846153846153848 0.04741379310344827
0 0.5248397435897436 0.0603448275862069 0.029246794871794872 0.0490301724137931
0 0.2704326923076923 0.953125 0.03445512820512821 0.03502155172413793
0 0.49038461538461536 0.052801724137931036 0.030448717948717948 0.046875
0 0.483974358974359 0.39385775862068967 0.029647435897435896 0.05387931034482758
0 0.15865384615384615 0.21390086206896552 0.026842948717948716 0.05118534482758621
0 0.03245192307692308 0.5754310344827587 0.027243589743589744 0.05064655172413793
0 0.46875 0.5969827586206896 0.03766025641025641 0.046875
0 0.9815705128205128 0.07866379310344827 0.036458333333333336 0.04418103448275862
0 0.32411858974358976 0.9455818965517241 0.03365384615384615 0.04040948275862069
0 0.40705128205128205 0.9067887931034483 0.035256410256410256 0.05818965517241379
0 0.8605769230769231 0.8943965517241379 0.045272435897435896 0.043642241379310345
0 0.7772435897435898 0.7839439655172413 0.02844551282051282 0.05118534482758621
0 0.26121794871794873 0.1740301724137931 0.030849358974358976 0.05495689655172414
0 0.9527243589743589 0.7774784482758621 0.02844551282051282 0.0603448275862069
0 0.8032852564102564 0.9116379310344828 0.03886217948717949 0.04202586206896552
0 0.33092948717948717 0.578125 0.027644230769230768 0.057112068965517244
0 0.45232371794871795 0.9644396551724138 0.04366987179487179 0.04741379310344827
0 0.18990384615384615 0.665948275862069 0.028044871794871796 0.05387931034482758
0 0.8802083333333334 0.35183189655172414 0.031650641025641024 0.05872844827586207
0 0.08413461538461539 0.27209051724137934 0.029647435897435896 0.0490301724137931
0 0.13541666666666666 0.4892241379310345 0.03886217948717949 0.05064655172413793
0 0.6530448717948718 0.18372844827586207 0.04487179487179487 0.04310344827586207
0 0.8020833333333334 0.9752155172413793 0.03926282051282051 0.0490301724137931
0 0.7095352564102564 0.2769396551724138 0.03205128205128205 0.05064655172413793
0 0.78125 0.6858836206896551 0.027243589743589744 0.06357758620689655
0 0.016025641025641024 0.9768318965517241 0.03205128205128205 0.045797413793103446
0 0.47676282051282054 0.6998922413793104 0.030048076923076924 0.05872844827586207
0 0.7223557692307693 0.4234913793103448 0.038461538461538464 0.05495689655172414
0 0.7616185897435898 0.4202586206896552 0.031650641025641024 0.052801724137931036
0 0.9871794871794872 0.32004310344827586 0.024839743589743588 0.04418103448275862
0 0.9387019230769231 0.08459051724137931 0.030448717948717948 0.04418103448275862
0 0.8389423076923077 0.8006465517241379 0.044070512820512824 0.03502155172413793
0 0.6963141025641025 0.7764008620689655 0.034054487179487176 0.03933189655172414
0 0.5516826923076923 0.6869612068965517 0.022435897435897436 0.03502155172413793
0 0.7295673076923077 0.029094827586206896 0.02844551282051282 0.04310344827586207
0 0.5352564102564102 0.34051724137931033 0.025240384615384616 0.05980603448275862