0 0.030849358974358976 0.0894396551724138 0.03886217948717949 0.04741379310344827
0 0.5184294871794872 0.7834051724137931 0.03806089743589743 0.03879310344827586
0 0.12740384615384615 0.853448275862069 0.038461538461538464 0.04633620689655173
0 0.1778846153846154 0.943426724137931 0.03886217948717949 0.04633620689655173
0 0.3541666666666667 0.7855603448275862 0.04126602564102564 0.04525862068965517
0 0.8621794871794872 0.9251077586206896 0.04046474358974359 0.04202586206896552
0 0.9751602564102564 0.4482758620689655 0.03565705128205128 0.04741379310344827
0 0.9415064102564102 0.04633620689655173 0.035256410256410256 0.04418103448275862
0 0.5729166666666666 0.6707974137931034 0.038461538461538464 0.04525862068965517
0 0.6418269230769231 0.15948275862068967 0.03766025641025641 0.04202586206896552
0 0.6614583333333334 0.7392241379310345 0.03565705128205128 0.045797413793103446
0 0.06049679487179487 0.2095905172413793 0.04126602564102564 0.04256465517241379
0 0.4599358974358974 0.22683189655172414 0.037259615384615384 0.04202586206896552
0 0.27123397435897434 0.9428879310344828 0.03125 0.04040948275862069
0 0.8982371794871795 0.6842672413793104 0.04246794871794872 0.03502155172413793
0 0.40344551282051283 0.14170258620689655 0.042067307692307696 0.03502155172413793
0 0.20552884615384615 0.20150862068965517 0.042067307692307696 0.0447198275862069
0 0.6213942307692307 0.42564655172413796 0.037259615384615384 0.047952586206896554
0 0.37900641025641024 0.6352370689655172 0.03125 0.04310344827586207
0 0.3581730769230769 0.3302801724137931 0.03685897435897436 0.04256465517241379
0 0.4623397435897436 0.35290948275862066 0.04246794871794872 0.03609913793103448
0 0.7616185897435898 0.1724137931034483 0.030849358974358976 0.04040948275862069
0 0.06490384615384616 0.9267241379310345 0.027243589743589744 0.030711206896551723
0 0.34134615384615385 0.5678879310344828 0.039663461538461536 0.036637931034482756
0 0.4310897435897436 0.6352370689655172 0.04126602564102564 0.05118534482758621
0 0.9302884615384616 0.521551724137931 0.03245192307692308 0.04256465517241379
0 0.7339743589743589 0.3410560344827586 0.02844551282051282 0.03825431034482758
0 0.7235576923076923 0.7149784482758621 0.03485576923076923 0.037176724137931036
0 0.2155448717948718 0.5953663793103449 0.03245192307692308 0.03556034482758621
0 0.7620192307692307 0.9838362068965517 0.029647435897435896 0.032327586206896554
0 0.29126602564102566 0.8367456896551724 0.034054487179487176 0.03771551724137931
0 0.4358974358974359 0.4035560344827586 0.04326923076923077 0.0334051724137931
0 0.9827724358974359 0.045797413793103446 0.030849358974358976 0.037176724137931036
0 0.8197115384615384 0.3890086206896552 0.037259615384615384 0.03825431034482758
0 0.015224358974358974 0.49299568965517243 0.030448717948717948 0.04633620689655173
0 0.5821314102564102 0.8259698275862069 0.032852564102564104 0.03933189655172414
0 0.026442307692307692 0.9251077586206896 0.021634615384615384 0.028556034482758622
0 0.07572115384615384 0.6276939655172413 0.030448717948717948 0.03394396551724138
0 0.032852564102564104 0.5651939655172413 0.02844551282051282 0.036637931034482756
0 0.23477564102564102 0.6810344827586207 0.03325320512820513 0.03933189655172414
0 0.0625 0.40948275862068967 0.034054487179487176 0.03394396551724138
0 0.031650641025641024 0.27262931034482757 0.03245192307692308 0.028556034482758622
0 0.12099358974358974 0.3103448275862069 0.022435897435897436 0.03394396551724138
0 0.12700320512820512 0.19288793103448276 0.03125 0.023706896551724137
0 0.22556089743589744 0.08135775862068965 0.03485576923076923 0.034482758620689655
0 0.9334935897435898 0.28987068965517243 0.03245192307692308 0.052262931034482756
0 0.8044871794871795 0.31842672413793105 0.024439102564102564 0.04418103448275862
0 0.4182692307692308 0.09967672413793104 0.024439102564102564 0.03502155172413793
0 0.4623397435897436 0.9881465517241379 0.030048076923076924 0.023168103448275863
0 0.3125 0.24515086206896552 0.02123397435897436 0.037176724137931036
0 0.6895032051282052 0.009159482758620689 0.03806089743589743 0.017780172413793104
0 0.9619391025641025 0.974676724137931 0.047275641025641024 0.05064655172413793
0 0.21394230769230768 0.7893318965517241 0.03245192307692308 0.034482758620689655