0 0.17548076923076922 0.6675646551724138 0.042067307692307696 0.04525862068965517
0 0.04607371794871795 0.8545258620689655 0.030448717948717948 0.05334051724137931
0 0.4735576923076923 0.6918103448275862 0.040865384615384616 0.04525862068965517
0 0.36538461538461536 0.43426724137931033 0.03886217948717949 0.05603448275862069
0 0.30288461538461536 0.09967672413793104 0.038461538461538464 0.046875
0 0.3918269230769231 0.032327586206896554 0.035256410256410256 0.04956896551724138
0 0.44591346153846156 0.10021551724137931 0.042067307692307696 0.052801724137931036
0 0.13141025641025642 0.020474137931034482 0.04807692307692308 0.040948275862068964
0 0.3473557692307692 0.9520474137931034 0.04046474358974359 0.05387931034482758
0 0.5552884615384616 0.6740301724137931 0.039663461538461536 0.050107758620689655
0 0.5925480769230769 0.19989224137931033 0.021634615384615384 0.032327586206896554
0 0.6979166666666666 0.15894396551724138 0.027644230769230768 0.047952586206896554
0 0.8104967948717948 0.17995689655172414 0.03325320512820513 0.05064655172413793
0 0.6125801282051282 0.5506465517241379 0.04807692307692308 0.036637931034482756
0 0.717948717948718 0.8389008620689655 0.026442307692307692 0.03825431034482758
0 0.8489583333333334 0.9504310344827587 0.03565705128205128 0.03879310344827586
0 0.7940705128205128 0.6039870689655172 0.030448717948717948 0.045797413793103446
0 0.4282852564102564 0.484375 0.030448717948717948 0.052801724137931036
0 0.056490384615384616 0.08836206896551724 0.030448717948717948 0.03879310344827586