0 0.7916666666666666 0.49407327586206895 0.03886217948717949 0.050107758620689655
0 0.16907051282051283 0.35290948275862066 0.041666666666666664 0.052801724137931036
0 0.8621794871794872 0.7618534482758621 0.04887820512820513 0.04741379310344827
0 0.4963942307692308 0.7435344827586207 0.03685897435897436 0.0490301724137931
0 0.5588942307692307 0.8157327586206896 0.046474358974358976 0.04525862068965517
0 0.5024038461538461 0.3329741379310345 0.038461538461538464 0.04040948275862069
0 0.49238782051282054 0.6045258620689655 0.04246794871794872 0.046875
0 0.35697115384615385 0.7074353448275862 0.04006410256410257 0.046875
0 0.468349358974359 0.03394396551724138 0.038461538461538464 0.04741379310344827
0 0.7175480769230769 0.5926724137931034 0.038461538461538464 0.04525862068965517
0 0.11818910256410256 0.2839439655172414 0.04046474358974359 0.056573275862068964
0 0.036458333333333336 0.11476293103448276 0.03365384615384615 0.05334051724137931
0 0.468349358974359 0.5576508620689655 0.03926282051282051 0.05172413793103448
0 0.9623397435897436 0.39385775862068967 0.03685897435897436 0.04741379310344827
0 0.3161057692307692 0.2494612068965517 0.040865384615384616 0.04741379310344827
0 0.017628205128205128 0.36637931034482757 0.031650641025641024 0.047952586206896554
0 0.9399038461538461 0.8507543103448276 0.03125 0.03879310344827586
0 0.7956730769230769 0.014547413793103448 0.04487179487179487 0.029094827586206896
0 0.5192307692307693 0.9827586206896551 0.034054487179487176 0.03394396551724138
0 0.9871794871794872 0.328125 0.02564102564102564 0.06357758620689655
0 0.6390224358974359 0.8103448275862069 0.03325320512820513 0.05603448275862069
0 0.9715544871794872 0.828125 0.03886217948717949 0.052262931034482756
0 0.6502403846153846 0.24622844827586207 0.030849358974358976 0.05980603448275862
0 0.3173076923076923 0.017241379310344827 0.04006410256410257 0.034482758620689655
0 0.7215544871794872 0.2192887931034483 0.03685897435897436 0.05603448275862069
0 0.9595352564102564 0.453125 0.041666666666666664 0.03879310344827586
0 0.9142628205128205 0.25754310344827586 0.03886217948717949 0.0490301724137931
0 0.7215544871794872 0.7176724137931034 0.03926282051282051 0.04956896551724138
0 0.6802884615384616 0.02693965517241379 0.037259615384615384 0.05334051724137931
0 0.43509615384615385 0.34375 0.042067307692307696 0.04633620689655173
0 0.7479967948717948 0.9789870689655172 0.03445512820512821 0.041487068965517244
0 0.4130608974358974 0.837823275862069 0.042067307692307696 0.057112068965517244
0 0.43469551282051283 0.4267241379310345 0.034054487179487176 0.05495689655172414
0 0.7624198717948718 0.6632543103448276 0.036458333333333336 0.05603448275862069
0 0.9106570512820513 0.6147629310344828 0.042067307692307696 0.05495689655172414
0 0.10616987179487179 0.9498922413793104 0.048477564102564104 0.05118534482758621
0 0.2107371794871795 0.1880387931034483 0.03445512820512821 0.05387931034482758
0 0.26282051282051283 0.634698275862069 0.03806089743589743 0.0603448275862069
0 0.9715544871794872 0.07650862068965517 0.031650641025641024 0.05980603448275862
0 0.16185897435897437 0.5107758620689655 0.04326923076923077 0.04525862068965517
0 0.15985576923076922 0.9520474137931034 0.04246794871794872 0.05172413793103448
0 0.015224358974358974 0.050107758620689655 0.030448717948717948 0.056573275862068964
0 0.19391025641025642 0.5581896551724138 0.03685897435897436 0.0490301724137931
0 0.577323717948718 0.9768318965517241 0.04246794871794872 0.04633620689655173