0 0.18990384615384615 0.21443965517241378 0.04246794871794872 0.043642241379310345
0 0.2744391025641026 0.9735991379310345 0.03766025641025641 0.043642241379310345
0 0.8181089743589743 0.09105603448275862 0.04447115384615385 0.04202586206896552
0 0.6706730769230769 0.16756465517241378 0.04046474358974359 0.04849137931034483
0 0.719551282051282 0.028556034482758622 0.05048076923076923 0.036637931034482756
0 0.19150641025641027 0.44558189655172414 0.03685897435897436 0.05118534482758621
0 0.030048076923076924 0.22198275862068967 0.04046474358974359 0.0490301724137931
0 0.08253205128205128 0.44504310344827586 0.03325320512820513 0.052801724137931036
0 0.6854967948717948 0.33997844827586204 0.03565705128205128 0.05441810344827586
0 0.984375 0.634698275862069 0.03125 0.045797413793103446
0 0.13862179487179488 0.4418103448275862 0.035256410256410256 0.0447198275862069
0 0.171875 0.9876077586206896 0.05128205128205128 0.024245689655172414
0 0.9855769230769231 0.013469827586206896 0.028846153846153848 0.026400862068965518
0 0.9106570512820513 0.43049568965517243 0.046875 0.050107758620689655
0 0.7479967948717948 0.43049568965517243 0.05128205128205128 0.036637931034482756
0 0.5092147435897436 0.9089439655172413 0.04807692307692308 0.041487068965517244
0 0.9411057692307693 0.5441810344827587 0.034054487179487176 0.06196120689655173
0 0.7792467948717948 0.8157327586206896 0.03325320512820513 0.052262931034482756
0 0.33373397435897434 0.6955818965517241 0.044070512820512824 0.03771551724137931
0 0.3681891025641026 0.36530172413793105 0.030849358974358976 0.06088362068965517
0 0.8609775641025641 0.7640086206896551 0.030048076923076924 0.05441810344827586
0 0.34294871794871795 0.04849137931034483 0.04607371794871795 0.03771551724137931
0 0.23557692307692307 0.6918103448275862 0.04326923076923077 0.037176724137931036
0 0.5420673076923077 0.2834051724137931 0.030048076923076924 0.05603448275862069
0 0.7331730769230769 0.7381465517241379 0.04006410256410257 0.04956896551724138
0 0.5941506410256411 0.21605603448275862 0.04807692307692308 0.043642241379310345
0 0.014823717948717948 0.8308189655172413 0.029647435897435896 0.05603448275862069
0 0.17147435897435898 0.8868534482758621 0.03565705128205128 0.05818965517241379