0 0.6502403846153846 0.5835129310344828 0.042868589743589744 0.040948275862068964
0 0.391025641025641 0.49676724137931033 0.04046474358974359 0.043642241379310345
0 0.22876602564102563 0.9396551724137931 0.036458333333333336 0.052262931034482756
0 0.16466346153846154 0.7295258620689655 0.030048076923076924 0.052262931034482756
0 0.9022435897435898 0.5328663793103449 0.03205128205128205 0.05387931034482758
0 0.8974358974358975 0.8647629310344828 0.038461538461538464 0.05334051724137931
0 0.03445512820512821 0.34698275862068967 0.035256410256410256 0.045797413793103446
0 0.18469551282051283 0.15086206896551724 0.03325320512820513 0.0490301724137931
0 0.9370993589743589 0.3173491379310345 0.03685897435897436 0.0447198275862069
0 0.07612179487179487 0.39762931034482757 0.03806089743589743 0.041487068965517244
0 0.8008814102564102 0.9482758620689655 0.04246794871794872 0.04310344827586207
0 0.3942307692307692 0.28987068965517243 0.03325320512820513 0.036637931034482756
0 0.44711538461538464 0.7456896551724138 0.039663461538461536 0.046875
0 0.7435897435897436 0.6546336206896551 0.030048076923076924 0.04633620689655173
0 0.8237179487179487 0.8970905172413793 0.03565705128205128 0.03771551724137931
0 0.9855769230769231 0.7268318965517241 0.028846153846153848 0.04202586206896552
0 0.02283653846153846 0.08405172413793104 0.03445512820512821 0.046875
0 0.09935897435897435 0.537176724137931 0.030448717948717948 0.06088362068965517
0 0.41386217948717946 0.7478448275862069 0.036057692307692304 0.04256465517241379
0 0.9907852564102564 0.16109913793103448 0.01842948717948718 0.04040948275862069
0 0.5096153846153846 0.32004310344827586 0.037259615384615384 0.05334051724137931
0 0.9511217948717948 0.572198275862069 0.04366987179487179 0.05064655172413793
0 0.6530448717948718 0.24461206896551724 0.036458333333333336 0.05603448275862069
0 0.6842948717948718 0.1724137931034483 0.03365384615384615 0.045797413793103446
0 0.8064903846153846 0.050107758620689655 0.03565705128205128 0.057112068965517244
0 0.46314102564102566 0.525323275862069 0.029246794871794872 0.05980603448275862
0 0.20953525641025642 0.6120689655172413 0.040865384615384616 0.04741379310344827
0 0.3016826923076923 0.47521551724137934 0.031650641025641024 0.05441810344827586
0 0.3762019230769231 0.9714439655172413 0.04246794871794872 0.057112068965517244
0 0.4875801282051282 0.6821120689655172 0.04567307692307692 0.04956896551724138
0 0.5444711538461539 0.05872844827586207 0.042868589743589744 0.052262931034482756
0 0.7147435897435898 0.3728448275862069 0.03766025641025641 0.04741379310344827
0 0.3525641025641026 0.03987068965517242 0.03245192307692308 0.06303879310344827
0 0.6446314102564102 0.4892241379310345 0.026842948717948716 0.05064655172413793
0 0.7347756410256411 0.7494612068965517 0.030849358974358976 0.05495689655172414
0 0.9747596153846154 0.3857758620689655 0.04887820512820513 0.03987068965517242
0 0.4863782051282051 0.39439655172413796 0.03685897435897436 0.05118534482758621
0 0.08613782051282051 0.28933189655172414 0.03205128205128205 0.05064655172413793
0 0.9855769230769231 0.10668103448275862 0.028846153846153848 0.05765086206896552
0 0.11458333333333333 0.984375 0.04006410256410257 0.03125
0 0.6057692307692307 0.19342672413793102 0.037259615384615384 0.04849137931034483
0 0.27323717948717946 0.3900862068965517 0.036458333333333336 0.04741379310344827
0 0.8842147435897436 0.7058189655172413 0.03926282051282051 0.04310344827586207
0 0.8044871794871795 0.8523706896551724 0.026842948717948716 0.034482758620689655