0 0.9078525641025641 0.10452586206896551 0.03365384615384615 0.05818965517241379
0 0.6538461538461539 0.13954741379310345 0.04326923076923077 0.05118534482758621
0 0.4467147435897436 0.4396551724137931 0.04887820512820513 0.05172413793103448
0 0.7916666666666666 0.359375 0.044070512820512824 0.05172413793103448
0 0.12540064102564102 0.109375 0.040865384615384616 0.046875
0 0.6121794871794872 0.6998922413793104 0.04366987179487179 0.04633620689655173
0 0.4306891025641026 0.9132543103448276 0.04887820512820513 0.04741379310344827
0 0.9358974358974359 0.6928879310344828 0.028846153846153848 0.05064655172413793
0 0.03806089743589743 0.7176724137931034 0.035256410256410256 0.052801724137931036
0 0.8016826923076923 0.21336206896551724 0.040865384615384616 0.04633620689655173
0 0.9370993589743589 0.3103448275862069 0.030849358974358976 0.05603448275862069
0 0.7319711538461539 0.10452586206896551 0.03205128205128205 0.046875
0 0.5160256410256411 0.8044181034482759 0.040865384615384616 0.05387931034482758
0 0.052083333333333336 0.1427801724137931 0.04567307692307692 0.050107758620689655
0 0.5669070512820513 0.8216594827586207 0.03565705128205128 0.04256465517241379
0 0.38060897435897434 0.9768318965517241 0.03886217948717949 0.04633620689655173
0 0.2792467948717949 0.9579741379310345 0.042868589743589744 0.05872844827586207
0 0.375400641025641 0.5339439655172413 0.03325320512820513 0.0603448275862069
0 0.36338141025641024 0.22306034482758622 0.04807692307692308 0.04849137931034483
0 0.8189102564102564 0.8168103448275862 0.035256410256410256 0.06303879310344827
0 0.5440705128205128 0.48760775862068967 0.05248397435897436 0.04849137931034483
0 0.30689102564102566 0.6481681034482759 0.039663461538461536 0.05441810344827586
0 0.7359775641025641 0.5765086206896551 0.044070512820512824 0.05118534482758621
0 0.9791666666666666 0.41163793103448276 0.04126602564102564 0.06088362068965517
0 0.024439102564102564 0.8561422413793104 0.048477564102564104 0.050107758620689655
0 0.5056089743589743 0.12392241379310345 0.036458333333333336 0.057112068965517244
0 0.7463942307692307 0.9181034482758621 0.04487179487179487 0.05118534482758621
0 0.7019230769230769 0.8744612068965517 0.03886217948717949 0.05064655172413793
0 0.04767628205128205 0.4488146551724138 0.03445512820512821 0.05549568965517242
0 0.14463141025641027 0.23114224137931033 0.036458333333333336 0.05980603448275862
0 0.9358974358974359 0.02101293103448276 0.05008012820512821 0.04202586206896552