0 0.03205128205128205 0.2122844827586207 0.034054487179487176 0.057112068965517244
0 0.08012820512820513 0.1540948275862069 0.041666666666666664 0.05172413793103448
0 0.33413461538461536 0.08566810344827586 0.038461538461538464 0.06357758620689655
0 0.13181089743589744 0.41379310344827586 0.05048076923076923 0.041487068965517244
0 0.2375801282051282 0.48976293103448276 0.04447115384615385 0.045797413793103446
0 0.37900641025641024 0.4089439655172414 0.04487179487179487 0.045797413793103446
0 0.019230769230769232 0.8135775862068966 0.037259615384615384 0.04040948275862069
0 0.5949519230769231 0.16217672413793102 0.04366987179487179 0.04849137931034483
0 0.5697115384615384 0.22629310344827586 0.03685897435897436 0.04256465517241379
0 0.6181891025641025 0.050107758620689655 0.046474358974358976 0.04956896551724138
0 0.8341346153846154 0.2823275862068966 0.03325320512820513 0.04741379310344827
0 0.9527243589743589 0.13739224137931033 0.04046474358974359 0.06465517241379311
0 0.9579326923076923 0.23922413793103448 0.04006410256410257 0.052262931034482756
0 0.8129006410256411 0.49353448275862066 0.05608974358974359 0.05387931034482758
0 0.9014423076923077 0.5113146551724138 0.050881410256410256 0.04418103448275862
0 0.6786858974358975 0.5517241379310345 0.045272435897435896 0.05387931034482758
0 0.7852564102564102 0.7828663793103449 0.052083333333333336 0.050107758620689655
0 0.8465544871794872 0.8259698275862069 0.041666666666666664 0.0490301724137931
0 0.5256410256410257 0.9876077586206896 0.04246794871794872 0.02478448275862069
0 0.3613782051282051 0.724676724137931 0.04807692307692308 0.05334051724137931
0 0.15985576923076922 0.7311422413793104 0.04046474358974359 0.056573275862068964
0 0.26963141025641024 0.7780172413793104 0.035256410256410256 0.04849137931034483
0 0.5132211538461539 0.38308189655172414 0.03365384615384615 0.036637931034482756
0 0.4947916666666667 0.4822198275862069 0.027644230769230768 0.03609913793103448
0 0.7816506410256411 0.6616379310344828 0.028044871794871796 0.050107758620689655