0 0.6522435897435898 0.9692887931034483 0.039663461538461536 0.0603448275862069
0 0.4811698717948718 0.9261853448275862 0.03886217948717949 0.04741379310344827
0 0.47315705128205127 0.3604525862068966 0.048477564102564104 0.04633620689655173
0 0.1971153846153846 0.4692887931034483 0.041666666666666664 0.050107758620689655
0 0.8209134615384616 0.5964439655172413 0.03886217948717949 0.043642241379310345
0 0.7479967948717948 0.6352370689655172 0.052884615384615384 0.045797413793103446
0 0.1450320512820513 0.22359913793103448 0.04366987179487179 0.03987068965517242
0 0.7435897435897436 0.8329741379310345 0.044070512820512824 0.043642241379310345
0 0.6278044871794872 0.41002155172413796 0.041666666666666664 0.06088362068965517
0 0.37419871794871795 0.3701508620689655 0.044070512820512824 0.04256465517241379
0 0.9751602564102564 0.14655172413793102 0.036458333333333336 0.05387931034482758
0 0.14102564102564102 0.9450431034482759 0.03766025641025641 0.041487068965517244
0 0.2744391025641026 0.21713362068965517 0.05128205128205128 0.04956896551724138
0 0.6862980769230769 0.8464439655172413 0.05248397435897436 0.0490301724137931
0 0.2744391025641026 0.8125 0.04326923076923077 0.056573275862068964
0 0.5857371794871795 0.7182112068965517 0.044070512820512824 0.059267241379310345
0 0.3072916666666667 0.171875 0.05368589743589743 0.046875
0 0.2760416666666667 0.47252155172413796 0.049679487179487176 0.047952586206896554
0 0.499599358974359 0.14439655172413793 0.054086538461538464 0.04525862068965517
0 0.8790064102564102 0.33566810344827586 0.054086538461538464 0.057112068965517244
0 0.6971153846153846 0.2025862068965517 0.05048076923076923 0.04956896551724138
0 0.06931089743589744 0.46012931034482757 0.036458333333333336 0.056573275862068964
0 0.4619391025641026 0.603448275862069 0.052884615384615384 0.047952586206896554
0 0.07491987179487179 0.047952586206896554 0.049679487179487176 0.05441810344827586
0 0.6145833333333334 0.5657327586206896 0.04807692307692308 0.04418103448275862
0 0.17868589743589744 0.6481681034482759 0.048477564102564104 0.050107758620689655
0 0.3926282051282051 0.5172413793103449 0.03485576923076923 0.0603448275862069
0 0.18549679487179488 0.33997844827586204 0.04366987179487179 0.046875
0 0.84375 0.26239224137931033 0.041666666666666664 0.059267241379310345
0 0.5769230769230769 0.07920258620689655 0.05128205128205128 0.047952586206896554
0 0.9230769230769231 0.5398706896551724 0.05128205128205128 0.052262931034482756
0 0.8697916666666666 0.5387931034482759 0.04326923076923077 0.05441810344827586
0 0.7532051282051282 0.07489224137931035 0.042868589743589744 0.045797413793103446
0 0.2796474358974359 0.33997844827586204 0.042067307692307696 0.05064655172413793
0 0.8409455128205128 0.6584051724137931 0.04046474358974359 0.05818965517241379
0 0.7564102564102564 0.1470905172413793 0.042067307692307696 0.05441810344827586
0 0.04326923076923077 0.3884698275862069 0.03685897435897436 0.06196120689655173
0 0.25280448717948717 0.06627155172413793 0.04447115384615385 0.0490301724137931
0 0.8157051282051282 0.8394396551724138 0.046474358974358976 0.04633620689655173
0 0.42988782051282054 0.4207974137931034 0.03565705128205128 0.06573275862068965
0 0.7423878205128205 0.5285560344827587 0.04366987179487179 0.05441810344827586
0 0.016025641025641024 0.27155172413793105 0.03205128205128205 0.0603448275862069
0 0.9623397435897436 0.045797413793103446 0.04567307692307692 0.04418103448275862
0 0.32732371794871795 0.7710129310344828 0.042067307692307696 0.04525862068965517
0 0.03485576923076923 0.6206896551724138 0.04767628205128205 0.052801724137931036
0 0.7151442307692307 0.3151939655172414 0.047275641025641024 0.05872844827586207
0 0.39342948717948717 0.802801724137931 0.034054487179487176 0.0490301724137931
0 0.23637820512820512 0.7101293103448276 0.05048076923076923 0.047952586206896554
0 0.018830128205128204 0.011853448275862068 0.03766025641025641 0.023706896551724137
0 0.8693910256410257 0.011853448275862068 0.04607371794871795 0.023706896551724137