0 0.21033653846153846 0.24515086206896552 0.04487179487179487 0.03825431034482758
0 0.2988782051282051 0.900323275862069 0.03685897435897436 0.043642241379310345
0 0.4322916666666667 0.2052801724137931 0.04046474358974359 0.032327586206896554
0 0.3926282051282051 0.8189655172413793 0.042067307692307696 0.03286637931034483
0 0.7772435897435898 0.140625 0.021634615384615384 0.043642241379310345
0 0.5661057692307693 0.38308189655172414 0.042868589743589744 0.03502155172413793
0 0.1374198717948718 0.44773706896551724 0.03806089743589743 0.03394396551724138
0 0.4583333333333333 0.5123922413793104 0.034054487179487176 0.04310344827586207
0 0.48157051282051283 0.4558189655172414 0.03485576923076923 0.03933189655172414
0 0.484775641025641 0.8275862068965517 0.03205128205128205 0.03286637931034483
0 0.6758814102564102 0.4854525862068966 0.03365384615384615 0.041487068965517244
0 0.9795673076923077 0.3863146551724138 0.034054487179487176 0.03502155172413793
0 0.04006410256410257 0.7009698275862069 0.04046474358974359 0.034482758620689655
0 0.2952724358974359 0.3760775862068966 0.03205128205128205 0.032327586206896554
0 0.7303685897435898 0.24568965517241378 0.02564102564102564 0.034482758620689655
0 0.4723557692307692 0.7564655172413793 0.03926282051282051 0.03609913793103448
0 0.35136217948717946 0.36853448275862066 0.039663461538461536 0.036637931034482756
0 0.01842948717948718 0.21120689655172414 0.032852564102564104 0.03933189655172414
0 0.8349358974358975 0.8766163793103449 0.029246794871794872 0.03502155172413793
0 0.078125 0.6072198275862069 0.030849358974358976 0.04310344827586207
0 0.21754807692307693 0.05980603448275862 0.038461538461538464 0.037176724137931036
0 0.6157852564102564 0.3275862068965517 0.03365384615384615 0.03125
0 0.9178685897435898 0.1788793103448276 0.026842948717948716 0.034482758620689655
0 0.9891826923076923 0.140625 0.021634615384615384 0.047952586206896554
0 0.08934294871794872 0.014547413793103448 0.030849358974358976 0.029094827586206896
0 0.7556089743589743 0.6443965517241379 0.029246794871794872 0.05064655172413793
0 0.8349358974358975 0.3459051724137931 0.029647435897435896 0.025323275862068964
0 0.5196314102564102 0.09213362068965517 0.030448717948717948 0.03286637931034483
0 0.17828525641025642 0.96875 0.036458333333333336 0.03987068965517242
0 0.3733974358974359 0.6039870689655172 0.042868589743589744 0.04256465517241379
0 0.5 0.5856681034482759 0.04607371794871795 0.037176724137931036
0 0.7688301282051282 0.7316810344827587 0.037259615384615384 0.029094827586206896
0 0.8709935897435898 0.9892241379310345 0.03205128205128205 0.021551724137931036
0 0.8381410256410257 0.3151939655172414 0.028044871794871796 0.025323275862068964
0 0.11378205128205128 0.6260775862068966 0.03445512820512821 0.040948275862068964
0 0.21233974358974358 0.008620689655172414 0.038461538461538464 0.017241379310344827
0 0.7652243589743589 0.43049568965517243 0.03685897435897436 0.030711206896551723
0 0.09575320512820513 0.27424568965517243 0.028846153846153848 0.045797413793103446
0 0.9278846153846154 0.8658405172413793 0.032852564102564104 0.03125
0 0.672676282051282 0.9024784482758621 0.03205128205128205 0.041487068965517244
0 0.7271634615384616 0.15463362068965517 0.029647435897435896 0.04418103448275862
0 0.022035256410256412 0.08028017241379311 0.029647435897435896 0.037176724137931036
0 0.4270833333333333 0.13254310344827586 0.027644230769230768 0.03502155172413793