0 0.49559294871794873 0.6918103448275862 0.03926282051282051 0.05172413793103448
0 0.6045673076923077 0.3793103448275862 0.03926282051282051 0.04741379310344827
0 0.9214743589743589 0.10452586206896551 0.04326923076923077 0.04525862068965517
0 0.46153846153846156 0.13739224137931033 0.03685897435897436 0.04202586206896552
0 0.9511217948717948 0.9326508620689655 0.04487179487179487 0.037176724137931036
0 0.31971153846153844 0.9757543103448276 0.04326923076923077 0.04849137931034483
0 0.8681891025641025 0.7634698275862069 0.049679487179487176 0.04256465517241379
0 0.37900641025641024 0.6244612068965517 0.04607371794871795 0.04202586206896552
0 0.7367788461538461 0.2435344827586207 0.042067307692307696 0.043642241379310345
0 0.07692307692307693 0.3917025862068966 0.036458333333333336 0.04256465517241379
0 0.40544871794871795 0.7990301724137931 0.04366987179487179 0.04418103448275862
0 0.3858173076923077 0.3954741379310345 0.03766025641025641 0.04849137931034483
0 0.03685897435897436 0.5457974137931034 0.040865384615384616 0.05118534482758621
0 0.11217948717948718 0.3135775862068966 0.04046474358974359 0.03825431034482758
0 0.9787660256410257 0.8410560344827587 0.03485576923076923 0.034482758620689655
0 0.33092948717948717 0.6012931034482759 0.03685897435897436 0.04256465517241379
0 0.6141826923076923 0.9084051724137931 0.035256410256410256 0.05064655172413793
0 0.8225160256410257 0.4978448275862069 0.041666666666666664 0.04040948275862069
0 0.3245192307692308 0.15786637931034483 0.035256410256410256 0.03987068965517242
0 0.702323717948718 0.9110991379310345 0.045272435897435896 0.043642241379310345
0 0.9619391025641025 0.5334051724137931 0.04046474358974359 0.04256465517241379
0 0.7459935897435898 0.05064655172413793 0.050881410256410256 0.050107758620689655
0 0.7864583333333334 0.3766163793103448 0.03806089743589743 0.037176724137931036
0 0.23317307692307693 0.5177801724137931 0.036458333333333336 0.04202586206896552
0 0.23036858974358973 0.8997844827586207 0.030448717948717948 0.04256465517241379
0 0.5192307692307693 0.6029094827586207 0.03806089743589743 0.050107758620689655
0 0.1422275641025641 0.7225215517241379 0.04366987179487179 0.04202586206896552
0 0.25440705128205127 0.2860991379310345 0.03485576923076923 0.05495689655172414
0 0.01201923076923077 0.6438577586206896 0.023637820512820512 0.046875
0 0.6798878205128205 0.24461206896551724 0.042067307692307696 0.05387931034482758
0 0.9274839743589743 0.5856681034482759 0.03886217948717949 0.036637931034482756
0 0.2327724358974359 0.19881465517241378 0.03445512820512821 0.05118534482758621
0 0.8012820512820513 0.5711206896551724 0.032852564102564104 0.04040948275862069
0 0.842948717948718 0.3744612068965517 0.040865384615384616 0.03825431034482758
0 0.42467948717948717 0.040948275862068964 0.03685897435897436 0.04040948275862069
0 0.4082532051282051 0.21336206896551724 0.034054487179487176 0.03017241379310345
0 0.6498397435897436 0.03609913793103448 0.03806089743589743 0.05603448275862069
0 0.7099358974358975 0.6212284482758621 0.03245192307692308 0.032327586206896554
0 0.015224358974358974 0.11206896551724138 0.030448717948717948 0.04956896551724138
0 0.5953525641025641 0.1627155172413793 0.051682692307692304 0.04956896551724138
0 0.984375 0.037176724137931036 0.03125 0.0490301724137931