0 0.23317307692307693 0.5711206896551724 0.037259615384615384 0.059267241379310345
0 0.1638621794871795 0.6761853448275862 0.04447115384615385 0.04849137931034483
0 0.21193910256410256 0.03394396551724138 0.03766025641025641 0.056573275862068964
0 0.26802884615384615 0.7144396551724138 0.034054487179487176 0.056573275862068964
0 0.46634615384615385 0.5678879310344828 0.029647435897435896 0.056573275862068964
0 0.9703525641025641 0.10668103448275862 0.04046474358974359 0.05603448275862069
0 0.9042467948717948 0.9838362068965517 0.041666666666666664 0.032327586206896554
0 0.9887820512820513 0.29310344827586204 0.022035256410256412 0.05765086206896552
0 0.014022435897435898 0.6293103448275862 0.027644230769230768 0.06088362068965517
0 0.6378205128205128 0.017780172413793104 0.041666666666666664 0.03502155172413793
0 0.6971153846153846 0.20204741379310345 0.028044871794871796 0.05495689655172414
0 0.4707532051282051 0.9251077586206896 0.034054487179487176 0.06088362068965517
0 0.5392628205128205 0.17025862068965517 0.04326923076923077 0.04741379310344827
0 0.24439102564102563 0.8405172413793104 0.031650641025641024 0.06303879310344827
0 0.36017628205128205 0.09752155172413793 0.04807692307692308 0.045797413793103446
0 0.5332532051282052 0.8577586206896551 0.03485576923076923 0.05980603448275862
0 0.9543269230769231 0.5743534482758621 0.04447115384615385 0.047952586206896554
0 0.6650641025641025 0.3324353448275862 0.03766025641025641 0.06088362068965517
0 0.11578525641025642 0.1492456896551724 0.04366987179487179 0.04741379310344827
0 0.6955128205128205 0.43049568965517243 0.02844551282051282 0.0603448275862069
0 0.6237980769230769 0.9477370689655172 0.038461538461538464 0.04849137931034483
0 0.8946314102564102 0.2667025862068966 0.026442307692307692 0.06196120689655173
0 0.4282852564102564 0.0603448275862069 0.036057692307692304 0.050107758620689655
0 0.5192307692307693 0.3900862068965517 0.03806089743589743 0.06411637931034483
0 0.8100961538461539 0.8701508620689655 0.02844551282051282 0.0603448275862069