0 0.8778044871794872 0.5474137931034483 0.03565705128205128 0.047952586206896554
0 0.5380608974358975 0.7774784482758621 0.042868589743589744 0.037176724137931036
0 0.7840544871794872 0.057112068965517244 0.037259615384615384 0.04849137931034483
0 0.1530448717948718 0.8211206896551724 0.034054487179487176 0.046875
0 0.9214743589743589 0.0738146551724138 0.042067307692307696 0.037176724137931036
0 0.8457532051282052 0.9224137931034483 0.03485576923076923 0.043642241379310345
0 0.34615384615384615 0.49622844827586204 0.03445512820512821 0.04956896551724138
0 0.6598557692307693 0.6039870689655172 0.042868589743589744 0.050107758620689655
0 0.7628205128205128 0.2995689655172414 0.04887820512820513 0.03771551724137931
0 0.6995192307692307 0.057112068965517244 0.042868589743589744 0.03825431034482758
0 0.21193910256410256 0.06842672413793104 0.03886217948717949 0.05495689655172414
0 0.08733974358974358 0.6449353448275862 0.036057692307692304 0.03933189655172414
0 0.5184294871794872 0.49084051724137934 0.03565705128205128 0.05441810344827586
0 0.020032051282051284 0.33566810344827586 0.03685897435897436 0.056573275862068964
0 0.9799679487179487 0.2941810344827586 0.03565705128205128 0.04741379310344827
0 0.3701923076923077 0.5905172413793104 0.032852564102564104 0.0447198275862069
0 0.45713141025641024 0.020474137931034482 0.04807692307692308 0.040948275862068964
0 0.6915064102564102 0.33405172413793105 0.036458333333333336 0.045797413793103446
0 0.1077724358974359 0.8895474137931034 0.034054487179487176 0.04418103448275862
0 0.28685897435897434 0.5964439655172413 0.03766025641025641 0.04741379310344827
0 0.610176282051282 0.8917025862068966 0.03886217948717949 0.04256465517241379
0 0.1686698717948718 0.3582974137931034 0.04046474358974359 0.03771551724137931
0 0.7844551282051282 0.7225215517241379 0.038461538461538464 0.05872844827586207
0 0.23517628205128205 0.7893318965517241 0.035256410256410256 0.04633620689655173
0 0.3998397435897436 0.9735991379310345 0.04006410256410257 0.052801724137931036
0 0.5508814102564102 0.37877155172413796 0.03685897435897436 0.05118534482758621
0 0.46274038461538464 0.11099137931034483 0.042067307692307696 0.052262931034482756
0 0.2263621794871795 0.28448275862068967 0.032852564102564104 0.05064655172413793
0 0.05048076923076923 0.7252155172413793 0.02844551282051282 0.03987068965517242
0 0.25961538461538464 0.17456896551724138 0.04006410256410257 0.046875
0 0.4078525641025641 0.48814655172413796 0.039663461538461536 0.0447198275862069
0 0.7912660256410257 0.9859913793103449 0.040865384615384616 0.028017241379310345
0 0.5040064102564102 0.12823275862068967 0.034054487179487176 0.030711206896551723
0 0.9322916666666666 0.9601293103448276 0.028846153846153848 0.05549568965517242