0 0.33373397435897434 0.078125 0.028044871794871796 0.04256465517241379
0 0.41586538461538464 0.2984913793103448 0.028044871794871796 0.04418103448275862
0 0.3685897435897436 0.22198275862068967 0.040865384615384616 0.04633620689655173
0 0.41225961538461536 0.0980603448275862 0.02844551282051282 0.043642241379310345
0 0.8609775641025641 0.7365301724137931 0.03325320512820513 0.04525862068965517
0 0.7956730769230769 0.8011853448275862 0.030048076923076924 0.041487068965517244
0 0.024839743589743588 0.2252155172413793 0.030048076923076924 0.03771551724137931
0 0.7596153846153846 0.5237068965517241 0.03766025641025641 0.03879310344827586
0 0.2403846153846154 0.21875 0.02564102564102564 0.04633620689655173
0 0.3657852564102564 0.9197198275862069 0.03445512820512821 0.04310344827586207
0 0.14703525641025642 0.05549568965517242 0.02844551282051282 0.04633620689655173
0 0.5396634615384616 0.7289870689655172 0.030849358974358976 0.04040948275862069
0 0.6266025641025641 0.6901939655172413 0.031650641025641024 0.036637931034482756
0 0.1734775641025641 0.2941810344827586 0.030849358974358976 0.037176724137931036
0 0.8950320512820513 0.9870689655172413 0.046875 0.02586206896551724
0 0.9875801282051282 0.6600215517241379 0.024839743589743588 0.052801724137931036
0 0.1891025641025641 0.07327586206896551 0.029647435897435896 0.05172413793103448
0 0.20953525641025642 0.3776939655172414 0.030849358974358976 0.05172413793103448
0 0.53125 0.9445043103448276 0.035256410256410256 0.047952586206896554
0 0.5272435897435898 0.44665948275862066 0.041666666666666664 0.043642241379310345
0 0.06610576923076923 0.7112068965517241 0.026442307692307692 0.04633620689655173
0 0.26282051282051283 0.9795258620689655 0.03766025641025641 0.040948275862068964
0 0.9050480769230769 0.35021551724137934 0.029647435897435896 0.04418103448275862
0 0.32211538461538464 0.18642241379310345 0.03886217948717949 0.052262931034482756
0 0.41746794871794873 0.7780172413793104 0.03325320512820513 0.04849137931034483
0 0.09334935897435898 0.13631465517241378 0.03365384615384615 0.046875
0 0.8088942307692307 0.6179956896551724 0.032852564102564104 0.03987068965517242
0 0.7592147435897436 0.7764008620689655 0.030849358974358976 0.04202586206896552
0 0.5488782051282052 0.5738146551724138 0.03886217948717949 0.05765086206896552
0 0.4987980769230769 0.3017241379310345 0.025240384615384616 0.04633620689655173
0 0.2900641025641026 0.7866379310344828 0.04246794871794872 0.03933189655172414
0 0.7956730769230769 0.8895474137931034 0.03485576923076923 0.04633620689655173
0 0.5881410256410257 0.12176724137931035 0.03926282051282051 0.04633620689655173
0 0.7135416666666666 0.22629310344827586 0.03205128205128205 0.032327586206896554
0 0.9138621794871795 0.21390086206896552 0.03125 0.03502155172413793
0 0.12700320512820512 0.8582974137931034 0.03685897435897436 0.047952586206896554
0 0.12419871794871795 0.5 0.03806089743589743 0.05064655172413793
0 0.250400641025641 0.6664870689655172 0.029246794871794872 0.034482758620689655
0 0.05368589743589743 0.02101293103448276 0.04006410256410257 0.04040948275862069
0 0.1750801282051282 0.13523706896551724 0.03685897435897436 0.041487068965517244
0 0.4879807692307692 0.03017241379310345 0.02564102564102564 0.034482758620689655
0 0.37099358974358976 0.5921336206896551 0.029246794871794872 0.04633620689655173