0 0.9879807692307693 0.9261853448275862 0.023637820512820512 0.06357758620689655
0 0.953926282051282 0.8766163793103449 0.037259615384615384 0.05818965517241379
0 0.78125 0.8771551724137931 0.042067307692307696 0.06196120689655173
0 0.6690705128205128 0.8674568965517241 0.051682692307692304 0.05603448275862069
0 0.5444711538461539 0.8038793103448276 0.04807692307692308 0.06357758620689655
0 0.5036057692307693 0.8836206896551724 0.046875 0.052801724137931036
0 0.45713141025641024 0.8976293103448276 0.04326923076923077 0.05495689655172414
0 0.6530448717948718 0.6810344827586207 0.04447115384615385 0.05495689655172414
0 0.8954326923076923 0.6794181034482759 0.04006410256410257 0.05818965517241379
0 0.9663461538461539 0.6664870689655172 0.04767628205128205 0.04633620689655173
0 0.8902243589743589 0.49622844827586204 0.041666666666666664 0.06896551724137931
0 0.7327724358974359 0.4348060344827586 0.04767628205128205 0.05980603448275862
0 0.6975160256410257 0.38523706896551724 0.046474358974358976 0.04956896551724138
0 0.6602564102564102 0.3011853448275862 0.05128205128205128 0.05118534482758621
0 0.5028044871794872 0.35560344827586204 0.049679487179487176 0.05441810344827586
0 0.9314903846153846 0.41163793103448276 0.046875 0.04525862068965517
0 0.8020833333333334 0.08674568965517242 0.03245192307692308 0.05441810344827586
0 0.6366185897435898 0.12284482758620689 0.03445512820512821 0.05818965517241379
0 0.47315705128205127 0.19719827586206898 0.04567307692307692 0.056573275862068964
0 0.26482371794871795 0.9741379310344828 0.05248397435897436 0.04741379310344827
0 0.21754807692307693 0.90625 0.04366987179487179 0.056573275862068964
0 0.3737980769230769 0.6804956896551724 0.044070512820512824 0.05118534482758621
0 0.18269230769230768 0.6519396551724138 0.04046474358974359 0.0603448275862069
0 0.4114583333333333 0.47521551724137934 0.03926282051282051 0.05603448275862069
0 0.3193108974358974 0.46336206896551724 0.042868589743589744 0.04741379310344827
0 0.10096153846153846 0.43049568965517243 0.057692307692307696 0.05872844827586207
0 0.3213141025641026 0.21551724137931033 0.034054487179487176 0.05603448275862069
0 0.3485576923076923 0.1255387931034483 0.046875 0.04741379310344827
0 0.2267628205128205 0.18480603448275862 0.035256410256410256 0.061422413793103446
0 0.13141025641025642 0.22844827586206898 0.04607371794871795 0.05334051724137931
0 0.03806089743589743 0.5867456896551724 0.03926282051282051 0.04849137931034483
0 0.025240384615384616 0.7834051724137931 0.03445512820512821 0.0668103448275862