0 0.35176282051282054 0.8394396551724138 0.030048076923076924 0.05172413793103448
0 0.8689903846153846 0.677801724137931 0.03886217948717949 0.045797413793103446
0 0.5308493589743589 0.6530172413793104 0.03365384615384615 0.04633620689655173
0 0.3970352564102564 0.5360991379310345 0.036057692307692304 0.046875
0 0.672676282051282 0.2165948275862069 0.029246794871794872 0.04310344827586207
0 0.18830128205128205 0.552801724137931 0.03365384615384615 0.04849137931034483
0 0.7868589743589743 0.7322198275862069 0.03685897435897436 0.04040948275862069
0 0.5436698717948718 0.22144396551724138 0.032852564102564104 0.05172413793103448
0 0.7696314102564102 0.10237068965517242 0.035256410256410256 0.04849137931034483
0 0.10857371794871795 0.6174568965517241 0.03685897435897436 0.03394396551724138
0 0.5100160256410257 0.5506465517241379 0.03685897435897436 0.04202586206896552
0 0.764823717948718 0.5700431034482759 0.030849358974358976 0.05441810344827586
0 0.9170673076923077 0.44558189655172414 0.030448717948717948 0.057112068965517244
0 0.39302884615384615 0.03556034482758621 0.042067307692307696 0.03879310344827586
0 0.3457532051282051 0.1427801724137931 0.027243589743589744 0.05118534482758621
0 0.7536057692307693 0.36584051724137934 0.02844551282051282 0.04956896551724138
0 0.8705929487179487 0.3254310344827586 0.03365384615384615 0.0447198275862069
0 0.6221955128205128 0.4709051724137931 0.03485576923076923 0.04525862068965517
0 0.9202724358974359 0.03178879310344827 0.03766025641025641 0.040948275862068964
0 0.23076923076923078 0.6417025862068966 0.03926282051282051 0.03556034482758621
0 0.10136217948717949 0.7279094827586207 0.03485576923076923 0.040948275862068964
0 0.905448717948718 0.21497844827586207 0.03685897435897436 0.04310344827586207
0 0.8120993589743589 0.5080818965517241 0.034054487179487176 0.03825431034482758
0 0.5689102564102564 0.14493534482758622 0.03205128205128205 0.05118534482758621
0 0.18830128205128205 0.9030172413793104 0.026842948717948716 0.04849137931034483
0 0.2640224358974359 0.9547413793103449 0.035256410256410256 0.03178879310344827
0 0.4751602564102564 0.059267241379310345 0.042067307692307696 0.046875
0 0.2107371794871795 0.8071120689655172 0.029647435897435896 0.04418103448275862
0 0.7011217948717948 0.046875 0.037259615384615384 0.03879310344827586
0 0.9799679487179487 0.7322198275862069 0.036057692307692304 0.045797413793103446
0 0.13862179487179488 0.9057112068965517 0.028044871794871796 0.04310344827586207
0 0.6722756410256411 0.7957974137931034 0.024839743589743588 0.04956896551724138
0 0.14743589743589744 0.09321120689655173 0.038461538461538464 0.04040948275862069
0 0.8197115384615384 0.953125 0.031650641025641024 0.050107758620689655
0 0.9262820512820513 0.6255387931034483 0.030849358974358976 0.0447198275862069
0 0.016025641025641024 0.18911637931034483 0.031650641025641024 0.04256465517241379
0 0.16706730769230768 0.04310344827586207 0.029647435897435896 0.04202586206896552
0 0.6674679487179487 0.30549568965517243 0.026842948717948716 0.05334051724137931
0 0.6662660256410257 0.36260775862068967 0.03125 0.041487068965517244
0 0.9839743589743589 0.978448275862069 0.03205128205128205 0.04256465517241379
0 0.9887820512820513 0.4046336206896552 0.021634615384615384 0.050107758620689655
0 0.7900641025641025 0.17618534482758622 0.036458333333333336 0.03825431034482758
0 0.20112179487179488 0.9913793103448276 0.041666666666666664 0.01670258620689655
0 0.7371794871794872 0.8098060344827587 0.030849358974358976 0.052262931034482756
0 0.7620192307692307 0.46228448275862066 0.03445512820512821 0.046875
0 0.6602564102564102 0.08620689655172414 0.032852564102564104 0.04849137931034483
0 0.3092948717948718 0.5129310344827587 0.031650641025641024 0.043642241379310345
0 0.5913461538461539 0.7790948275862069 0.036057692307692304 0.056573275862068964
0 0.437099358974359 0.30387931034482757 0.03365384615384615 0.04256465517241379
0 0.19310897435897437 0.13523706896551724 0.03766025641025641 0.04741379310344827
0 0.7299679487179487 0.634698275862069 0.030849358974358976 0.04849137931034483
0 0.1482371794871795 0.26885775862068967 0.04447115384615385 0.032327586206896554
0 0.27163461538461536 0.19989224137931033 0.036458333333333336 0.04525862068965517
0 0.8048878205128205 0.8776939655172413 0.030448717948717948 0.04956896551724138
0 0.6690705128205128 0.8836206896551724 0.02844551282051282 0.05387931034482758
0 0.14783653846153846 0.3259698275862069 0.04046474358974359 0.043642241379310345
0 0.7604166666666666 0.9935344827586207 0.03205128205128205 0.01293103448275862
0 0.7415865384615384 0.9213362068965517 0.03125 0.04849137931034483
0 0.6454326923076923 0.5797413793103449 0.03485576923076923 0.0334051724137931
0 0.05809294871794872 0.6842672413793104 0.04447115384615385 0.037176724137931036