0 0.11298076923076923 0.6772629310344828 0.03766025641025641 0.05172413793103448
0 0.3453525641025641 0.15247844827586207 0.041666666666666664 0.043642241379310345
0 0.42628205128205127 0.39601293103448276 0.03485576923076923 0.05118534482758621
0 0.7159455128205128 0.7300646551724138 0.032852564102564104 0.05765086206896552
0 0.3842147435897436 0.8863146551724138 0.03685897435897436 0.052801724137931036
0 0.484775641025641 0.30926724137931033 0.04046474358974359 0.036637931034482756
0 0.6558493589743589 0.912176724137931 0.032852564102564104 0.04956896551724138
0 0.49278846153846156 0.931573275862069 0.034054487179487176 0.05172413793103448
0 0.7896634615384616 0.1206896551724138 0.03245192307692308 0.05064655172413793
0 0.5428685897435898 0.5075431034482759 0.034054487179487176 0.05549568965517242
0 0.7243589743589743 0.28825431034482757 0.03685897435897436 0.045797413793103446
0 0.2375801282051282 0.537176724137931 0.037259615384615384 0.045797413793103446
0 0.1674679487179487 0.44396551724137934 0.030448717948717948 0.04956896551724138
0 0.8381410256410257 0.140625 0.028044871794871796 0.05603448275862069
0 0.38621794871794873 0.9703663793103449 0.030849358974358976 0.052801724137931036
0 0.453125 0.46012931034482757 0.02844551282051282 0.046875
0 0.5360576923076923 0.5748922413793104 0.03325320512820513 0.04849137931034483
0 0.5749198717948718 0.5554956896551724 0.03205128205128205 0.04849137931034483
0 0.734375 0.4865301724137931 0.04006410256410257 0.045797413793103446
0 0.18830128205128205 0.9832974137931034 0.030448717948717948 0.0334051724137931
0 0.7391826923076923 0.9854525862068966 0.03886217948717949 0.029094827586206896
0 0.33613782051282054 0.7774784482758621 0.036057692307692304 0.05495689655172414
0 0.37259615384615385 0.7338362068965517 0.03205128205128205 0.05118534482758621
0 0.546875 0.7645474137931034 0.03565705128205128 0.04310344827586207
0 0.0641025641025641 0.020474137931034482 0.038461538461538464 0.040948275862068964
0 0.5340544871794872 0.29040948275862066 0.04126602564102564 0.04256465517241379
0 0.109375 0.028556034482758622 0.032852564102564104 0.05603448275862069
0 0.12700320512820512 0.41864224137931033 0.029246794871794872 0.05064655172413793
0 0.04487179487179487 0.8599137931034483 0.035256410256410256 0.045797413793103446
0 0.3385416666666667 0.40247844827586204 0.03485576923076923 0.0490301724137931
0 0.75 0.8739224137931034 0.036057692307692304 0.05603448275862069
0 0.27684294871794873 0.28448275862068967 0.03685897435897436 0.05334051724137931
0 0.6394230769230769 0.6875 0.03565705128205128 0.04256465517241379
0 0.4807692307692308 0.8599137931034483 0.035256410256410256 0.05064655172413793
0 0.6830929487179487 0.421875 0.03445512820512821 0.0490301724137931
0 0.6490384615384616 0.16217672413793102 0.034054487179487176 0.04849137931034483
0 0.25560897435897434 0.8469827586206896 0.03245192307692308 0.05495689655172414
0 0.3016826923076923 0.8151939655172413 0.038461538461538464 0.04741379310344827
0 0.6290064102564102 0.008081896551724138 0.03485576923076923 0.016163793103448277
0 0.4166666666666667 0.028017241379310345 0.030048076923076924 0.05441810344827586
0 0.22876602564102563 0.6142241379310345 0.034054487179487176 0.04956896551724138
0 0.9863782051282052 0.9881465517241379 0.027243589743589744 0.023706896551724137
0 0.8814102564102564 0.9827586206896551 0.031650641025641024 0.034482758620689655
0 0.7183493589743589 0.01670258620689655 0.03766025641025641 0.0334051724137931
0 0.938301282051282 0.41594827586206895 0.03445512820512821 0.04849137931034483
0 0.2171474358974359 0.016163793103448277 0.041666666666666664 0.032327586206896554
0 0.025240384615384616 0.9692887931034483 0.037259615384615384 0.046875
0 0.3193108974358974 0.9892241379310345 0.04246794871794872 0.021551724137931036
0 0.4182692307692308 0.5872844827586207 0.034054487179487176 0.052262931034482756
0 0.3958333333333333 0.5080818965517241 0.030448717948717948 0.05064655172413793
0 0.5813301282051282 0.8259698275862069 0.036057692307692304 0.03933189655172414
0 0.5957532051282052 0.9816810344827587 0.04006410256410257 0.036637931034482756
0 0.7560096153846154 0.7122844827586207 0.03125 0.03933189655172414
0 0.7668269230769231 0.7580818965517241 0.029246794871794872 0.041487068965517244
0 0.6654647435897436 0.5414870689655172 0.03245192307692308 0.052262931034482756
0 0.7263621794871795 0.4078663793103448 0.03245192307692308 0.04849137931034483
0 0.8317307692307693 0.45905172413793105 0.030448717948717948 0.04956896551724138
0 0.36378205128205127 0.27586206896551724 0.037259615384615384 0.05872844827586207
0 0.9787660256410257 0.12446120689655173 0.030448717948717948 0.03286637931034483
0 0.9723557692307693 0.059267241379310345 0.035256410256410256 0.03502155172413793
0 0.9266826923076923 0.01939655172413793 0.024839743589743588 0.03879310344827586
0 0.7399839743589743 0.15247844827586207 0.030448717948717948 0.05495689655172414
0 0.8754006410256411 0.23599137931034483 0.027243589743589744 0.046875
0 0.8802083333333334 0.3949353448275862 0.027243589743589744 0.04310344827586207
0 0.9931891025641025 0.453125 0.013221153846153846 0.056573275862068964
0 0.9314903846153846 0.8933189655172413 0.03245192307692308 0.04310344827586207
0 0.9655448717948718 0.6072198275862069 0.035256410256410256 0.05064655172413793