0 0.4651442307692308 0.13793103448275862 0.035256410256410256 0.06519396551724138
0 0.8754006410256411 0.19719827586206898 0.03806089743589743 0.05118534482758621
0 0.24519230769230768 0.4170258620689655 0.03886217948717949 0.057112068965517244
0 0.6614583333333334 0.8706896551724138 0.03485576923076923 0.04741379310344827
0 0.9350961538461539 0.26939655172413796 0.037259615384615384 0.0490301724137931
0 0.054086538461538464 0.8345905172413793 0.04046474358974359 0.05603448275862069
0 0.6141826923076923 0.5210129310344828 0.04046474358974359 0.052262931034482756
0 0.5745192307692307 0.7198275862068966 0.03565705128205128 0.052801724137931036
0 0.6899038461538461 0.5043103448275862 0.041666666666666664 0.04849137931034483
0 0.3056891025641026 0.3706896551724138 0.03445512820512821 0.05064655172413793
0 0.25080128205128205 0.681573275862069 0.038461538461538464 0.047952586206896554
0 0.7311698717948718 0.6912715517241379 0.040865384615384616 0.046875
0 0.6770833333333334 0.41433189655172414 0.032852564102564104 0.04849137931034483
0 0.6378205128205128 0.10129310344827586 0.03806089743589743 0.04849137931034483
0 0.7740384615384616 0.3324353448275862 0.032852564102564104 0.045797413793103446
0 0.3613782051282051 0.5296336206896551 0.03766025641025641 0.05765086206896552
0 0.36498397435897434 0.4207974137931034 0.03245192307692308 0.05172413793103448
0 0.5909455128205128 0.4401939655172414 0.030448717948717948 0.05387931034482758
0 0.828125 0.421875 0.04006410256410257 0.05818965517241379
0 0.5901442307692307 0.3464439655172414 0.04326923076923077 0.04202586206896552
0 0.5933493589743589 0.9568965517241379 0.038461538461538464 0.06088362068965517
0 0.8978365384615384 0.5872844827586207 0.037259615384615384 0.04741379310344827
0 0.10697115384615384 0.9773706896551724 0.03926282051282051 0.0447198275862069
0 0.7520032051282052 0.01993534482758621 0.03766025641025641 0.03879310344827586
0 0.06049679487179487 0.02101293103448276 0.039663461538461536 0.041487068965517244
0 0.46474358974358976 0.023168103448275863 0.03325320512820513 0.04633620689655173
0 0.01282051282051282 0.4994612068965517 0.025240384615384616 0.04525862068965517
0 0.655448717948718 0.20581896551724138 0.03886217948717949 0.045797413793103446
0 0.029647435897435896 0.9154094827586207 0.04246794871794872 0.0490301724137931
0 0.42908653846153844 0.6357758620689655 0.03806089743589743 0.05980603448275862
0 0.3104967948717949 0.13308189655172414 0.04567307692307692 0.043642241379310345
0 0.8197115384615384 0.8550646551724138 0.03766025641025641 0.059267241379310345
0 0.6430288461538461 0.7726293103448276 0.03365384615384615 0.059267241379310345
0 0.16546474358974358 0.677801724137931 0.04767628205128205 0.05549568965517242
0 0.41426282051282054 0.5140086206896551 0.03926282051282051 0.06842672413793104
0 0.4042467948717949 0.19288793103448276 0.03926282051282051 0.059267241379310345
0 0.3453525641025641 0.8976293103448276 0.04447115384615385 0.05872844827586207
0 0.8605769230769231 0.7359913793103449 0.03685897435897436 0.057112068965517244
0 0.19591346153846154 0.4892241379310345 0.04487179487179487 0.0625
0 0.4130608974358974 0.8200431034482759 0.034054487179487176 0.06303879310344827
0 0.8409455128205128 0.34375 0.034054487179487176 0.05495689655172414
0 0.1045673076923077 0.15463362068965517 0.041666666666666664 0.0668103448275862
0 0.9823717948717948 0.04956896551724138 0.035256410256410256 0.06196120689655173
0 0.9423076923076923 0.41487068965517243 0.039663461538461536 0.05064655172413793
0 0.030849358974358976 0.33674568965517243 0.04326923076923077 0.04418103448275862
0 0.9611378205128205 0.48976293103448276 0.03685897435897436 0.050107758620689655
0 0.9411057692307693 0.8485991379310345 0.03245192307692308 0.06357758620689655
0 0.12139423076923077 0.5080818965517241 0.03766025641025641 0.06411637931034483
0 0.10857371794871795 0.4326508620689655 0.04006410256410257 0.05765086206896552
0 0.16145833333333334 0.08997844827586207 0.03685897435897436 0.052262931034482756
0 0.3157051282051282 0.02101293103448276 0.049679487179487176 0.041487068965517244
0 0.5769230769230769 0.1869612068965517 0.042868589743589744 0.03987068965517242
0 0.5801282051282052 0.012392241379310345 0.03365384615384615 0.02478448275862069
0 0.7540064102564102 0.10452586206896551 0.030048076923076924 0.056573275862068964
0 0.7211538461538461 0.17456896551724138 0.04006410256410257 0.03879310344827586
0 0.8814102564102564 0.06734913793103449 0.030048076923076924 0.05064655172413793