0 0.5184294871794872 0.040948275862068964 0.04126602564102564 0.03987068965517242
0 0.16306089743589744 0.671875 0.04046474358974359 0.04256465517241379
0 0.7059294871794872 0.6330818965517241 0.031650641025641024 0.05064655172413793
0 0.16185897435897437 0.9067887931034483 0.03565705128205128 0.03825431034482758
0 0.32051282051282054 0.46282327586206895 0.040865384615384616 0.03933189655172414
0 0.3818108974358974 0.0738146551724138 0.039663461538461536 0.041487068965517244
0 0.41466346153846156 0.31573275862068967 0.03766025641025641 0.03825431034482758
0 0.19671474358974358 0.5802801724137931 0.029246794871794872 0.05118534482758621
0 0.6951121794871795 0.2941810344827586 0.02844551282051282 0.04741379310344827
0 0.7952724358974359 0.8081896551724138 0.03806089743589743 0.04256465517241379
0 0.1530448717948718 0.36260775862068967 0.037259615384615384 0.0447198275862069
0 0.9338942307692307 0.7316810344827587 0.03245192307692308 0.050107758620689655
0 0.9170673076923077 0.4078663793103448 0.03125 0.040948275862068964
0 0.06610576923076923 0.8841594827586207 0.02844551282051282 0.04849137931034483
0 0.2824519230769231 0.10398706896551724 0.03125 0.041487068965517244
0 0.7151442307692307 0.07273706896551724 0.03205128205128205 0.04741379310344827
0 0.9046474358974359 0.10775862068965517 0.042868589743589744 0.041487068965517244
0 0.015224358974358974 0.90625 0.02844551282051282 0.05603448275862069
0 0.014823717948717948 0.4202586206896552 0.029647435897435896 0.045797413793103446
0 0.5128205128205128 0.17456896551724138 0.03886217948717949 0.04310344827586207
0 0.6786858974358975 0.7737068965517241 0.03685897435897436 0.04202586206896552
0 0.6618589743589743 0.045797413793103446 0.03325320512820513 0.052801724137931036
0 0.9447115384615384 0.07489224137931035 0.026842948717948716 0.04849137931034483
0 0.8377403846153846 0.4509698275862069 0.027243589743589744 0.04310344827586207
0 0.6498397435897436 0.9832974137931034 0.03685897435897436 0.0334051724137931
0 0.9863782051282052 0.47413793103448276 0.027243589743589744 0.05172413793103448
0 0.7287660256410257 0.016163793103448277 0.03766025641025641 0.03178879310344827
0 0.6983173076923077 0.9832974137931034 0.030849358974358976 0.0334051724137931
0 0.010016025641025642 0.22359913793103448 0.020032051282051284 0.052801724137931036
0 0.6125801282051282 0.6573275862068966 0.030849358974358976 0.05064655172413793
0 0.8177083333333334 0.8841594827586207 0.029647435897435896 0.04849137931034483
0 0.0733173076923077 0.44558189655172414 0.032852564102564104 0.05118534482758621
0 0.22435897435897437 0.2920258620689655 0.031650641025641024 0.061422413793103446
0 0.891426282051282 0.2478448275862069 0.032852564102564104 0.05334051724137931
0 0.023237179487179488 0.03017241379310345 0.04607371794871795 0.036637931034482756
0 0.43349358974358976 0.7925646551724138 0.028846153846153848 0.056573275862068964
0 0.39342948717948717 0.5867456896551724 0.032852564102564104 0.05549568965517242
0 0.6770833333333334 0.4956896551724138 0.035256410256410256 0.04633620689655173
0 0.6486378205128205 0.43372844827586204 0.044070512820512824 0.04633620689655173
0 0.2948717948717949 0.6303879310344828 0.03445512820512821 0.05549568965517242
0 0.7864583333333334 0.1896551724137931 0.034054487179487176 0.05172413793103448
0 0.5625 0.5366379310344828 0.03325320512820513 0.05387931034482758
0 0.33934294871794873 0.8130387931034483 0.031650641025641024 0.04849137931034483
0 0.359775641025641 0.15732758620689655 0.02844551282051282 0.05549568965517242
0 0.5580929487179487 0.615301724137931 0.037259615384615384 0.05818965517241379
0 0.8822115384615384 0.834051724137931 0.04006410256410257 0.05441810344827586
0 0.27363782051282054 0.2995689655172414 0.032852564102564104 0.047952586206896554
0 0.35496794871794873 0.7176724137931034 0.031650641025641024 0.047952586206896554
0 0.45913461538461536 0.46174568965517243 0.040865384615384616 0.04525862068965517
0 0.7347756410256411 0.25377155172413796 0.03125 0.050107758620689655
0 0.5568910256410257 0.12176724137931035 0.029246794871794872 0.056573275862068964
0 0.4831730769230769 0.8372844827586207 0.03685897435897436 0.046875
0 0.9643429487179487 0.3766163793103448 0.03485576923076923 0.052801724137931036
0 0.7235576923076923 0.7483836206896551 0.042067307692307696 0.03879310344827586
0 0.12299679487179487 0.5953663793103449 0.028044871794871796 0.059267241379310345
0 0.7920673076923077 0.42995689655172414 0.03445512820512821 0.05765086206896552
0 0.26121794871794873 0.01939655172413793 0.039663461538461536 0.03825431034482758
0 0.9563301282051282 0.2505387931034483 0.03125 0.045797413793103446
0 0.41386217948717946 0.20743534482758622 0.04006410256410257 0.040948275862068964
0 0.891426282051282 0.6826508620689655 0.03806089743589743 0.05495689655172414
0 0.07291666666666667 0.06519396551724138 0.042868589743589744 0.04256465517241379
0 0.20352564102564102 0.7139008620689655 0.03485576923076923 0.0334051724137931
0 0.734375 0.5845905172413793 0.025240384615384616 0.037176724137931036
0 0.8189102564102564 0.953125 0.026041666666666668 0.03933189655172414