0 0.49198717948717946 0.08836206896551724 0.040865384615384616 0.0447198275862069
0 0.6065705128205128 0.33566810344827586 0.036057692307692304 0.043642241379310345
0 0.6430288461538461 0.540948275862069 0.04366987179487179 0.0447198275862069
0 0.25240384615384615 0.328125 0.044070512820512824 0.04310344827586207
0 0.47876602564102566 0.24245689655172414 0.03325320512820513 0.05172413793103448
0 0.4979967948717949 0.7855603448275862 0.034054487179487176 0.04040948275862069
0 0.6542467948717948 0.0738146551724138 0.029647435897435896 0.04849137931034483
0 0.10576923076923077 0.7850215517241379 0.034054487179487176 0.05064655172413793
0 0.09815705128205128 0.2613146551724138 0.03886217948717949 0.03987068965517242
0 0.5849358974358975 0.8793103448275862 0.03926282051282051 0.04202586206896552
0 0.9026442307692307 0.4951508620689655 0.03485576923076923 0.04525862068965517
0 0.686698717948718 0.45905172413793105 0.036458333333333336 0.04525862068965517
0 0.6193910256410257 0.9396551724137931 0.034054487179487176 0.0490301724137931
0 0.9823717948717948 0.9024784482758621 0.03325320512820513 0.04310344827586207
0 0.8509615384615384 0.8523706896551724 0.034054487179487176 0.037176724137931036
0 0.014823717948717948 0.09213362068965517 0.029246794871794872 0.05495689655172414
0 0.20392628205128205 0.4832974137931034 0.03125 0.05118534482758621
0 0.9887820512820513 0.7731681034482759 0.022435897435897436 0.050107758620689655
0 0.8120993589743589 0.9622844827586207 0.034054487179487176 0.04202586206896552
0 0.6177884615384616 0.1896551724137931 0.02403846153846154 0.05172413793103448
0 0.4619391025641026 0.4040948275862069 0.03926282051282051 0.052801724137931036
0 0.16266025641025642 0.8480603448275862 0.03365384615384615 0.0490301724137931
0 0.3938301282051282 0.3550646551724138 0.030048076923076924 0.05064655172413793
0 0.2267628205128205 0.13900862068965517 0.046875 0.043642241379310345
0 0.8012820512820513 0.5759698275862069 0.036458333333333336 0.04741379310344827
0 0.07491987179487179 0.5080818965517241 0.03245192307692308 0.04956896551724138
0 0.4326923076923077 0.02478448275862069 0.036458333333333336 0.046875
0 0.3922275641025641 0.6610991379310345 0.03886217948717949 0.036637931034482756
0 0.3798076923076923 0.9779094827586207 0.029246794871794872 0.04418103448275862
0 0.15264423076923078 0.6050646551724138 0.026842948717948716 0.03556034482758621