0 0.078125 0.7510775862068966 0.04567307692307692 0.03879310344827586
0 0.02844551282051282 0.5301724137931034 0.042868589743589744 0.040948275862068964
0 0.17548076923076922 0.7257543103448276 0.042868589743589744 0.03771551724137931
0 0.1482371794871795 0.10237068965517242 0.037259615384615384 0.05172413793103448
0 0.052083333333333336 0.15086206896551724 0.040865384615384616 0.040948275862068964
0 0.2844551282051282 0.07004310344827586 0.044070512820512824 0.04202586206896552
0 0.22275641025641027 0.5554956896551724 0.046875 0.043642241379310345
0 0.5252403846153846 0.7252155172413793 0.03685897435897436 0.04849137931034483
0 0.8108974358974359 0.4331896551724138 0.04046474358974359 0.03987068965517242
0 0.6209935897435898 0.9143318965517241 0.042868589743589744 0.04310344827586207
0 0.7584134615384616 0.36853448275862066 0.03565705128205128 0.047952586206896554
0 0.7415865384615384 0.44127155172413796 0.035256410256410256 0.04418103448275862
0 0.34815705128205127 0.8324353448275862 0.03445512820512821 0.05872844827586207
0 0.4719551282051282 0.953125 0.036458333333333336 0.041487068965517244
0 0.592948717948718 0.021551724137931036 0.042868589743589744 0.03933189655172414
0 0.890625 0.7359913793103449 0.032852564102564104 0.056573275862068964
0 0.11378205128205128 0.39816810344827586 0.036458333333333336 0.059267241379310345
0 0.49278846153846156 0.6379310344827587 0.034054487179487176 0.05118534482758621
0 0.8657852564102564 0.9240301724137931 0.04046474358974359 0.04525862068965517
0 0.6141826923076923 0.505926724137931 0.04006410256410257 0.0625
0 0.9326923076923077 0.9773706896551724 0.03685897435897436 0.04525862068965517
0 0.4755608974358974 0.8507543103448276 0.04487179487179487 0.036637931034482756
0 0.6221955128205128 0.6761853448275862 0.03766025641025641 0.0668103448275862
0 0.296875 0.5608836206896551 0.03886217948717949 0.0334051724137931
0 0.13421474358974358 0.21282327586206898 0.039663461538461536 0.03825431034482758
0 0.9755608974358975 0.017780172413793104 0.04887820512820513 0.03556034482758621
0 0.41025641025641024 0.02101293103448276 0.03685897435897436 0.04202586206896552
0 0.6045673076923077 0.2117456896551724 0.04326923076923077 0.03933189655172414
0 0.013621794871794872 0.8383620689655172 0.026842948717948716 0.03987068965517242
0 0.4967948717948718 0.33566810344827586 0.044070512820512824 0.03879310344827586
0 0.7732371794871795 0.16002155172413793 0.04567307692307692 0.03825431034482758
0 0.33413461538461536 0.5075431034482759 0.038461538461538464 0.034482758620689655
0 0.9519230769230769 0.6643318965517241 0.039663461538461536 0.04741379310344827
0 0.985176282051282 0.33351293103448276 0.029647435897435896 0.04202586206896552
0 0.421474358974359 0.22952586206896552 0.04487179487179487 0.04202586206896552
0 0.6935096153846154 0.8060344827586207 0.04326923076923077 0.04310344827586207
0 0.9919871794871795 0.9779094827586207 0.015625 0.043642241379310345
0 0.15985576923076922 0.959051724137931 0.04126602564102564 0.05064655172413793
0 0.8934294871794872 0.630926724137931 0.03926282051282051 0.061422413793103446
0 0.8966346153846154 0.11907327586206896 0.03485576923076923 0.0447198275862069