0 0.14342948717948717 0.9051724137931034 0.03685897435897436 0.06788793103448276
0 0.3249198717948718 0.8728448275862069 0.03685897435897436 0.06788793103448276
0 0.4266826923076923 0.978448275862069 0.038461538461538464 0.04310344827586207
0 0.31810897435897434 0.6012931034482759 0.03125 0.06088362068965517
0 0.4270833333333333 0.744073275862069 0.02844551282051282 0.05495689655172414
0 0.10056089743589744 0.7634698275862069 0.03926282051282051 0.04040948275862069
0 0.1955128205128205 0.9391163793103449 0.03445512820512821 0.059267241379310345
0 0.12540064102564102 0.4558189655172414 0.03445512820512821 0.05549568965517242
0 0.2403846153846154 0.43049568965517243 0.037259615384615384 0.05387931034482758
0 0.40024038461538464 0.5150862068965517 0.03685897435897436 0.057112068965517244
0 0.46314102564102566 0.46497844827586204 0.03125 0.05172413793103448
0 0.10096153846153846 0.11422413793103449 0.03565705128205128 0.06627155172413793
0 0.3729967948717949 0.028556034482758622 0.03766025641025641 0.056573275862068964
0 0.6197916666666666 0.07489224137931035 0.03485576923076923 0.06519396551724138
0 0.6887019230769231 0.21982758620689655 0.028044871794871796 0.052801724137931036
0 0.6153846153846154 0.6115301724137931 0.03886217948717949 0.056573275862068964
0 0.6201923076923077 0.8798491379310345 0.034054487179487176 0.06573275862068965
0 0.6266025641025641 0.7074353448275862 0.03245192307692308 0.04040948275862069
0 0.6606570512820513 0.7543103448275862 0.028044871794871796 0.0490301724137931
0 0.75 0.31950431034482757 0.04366987179487179 0.05172413793103448
0 0.8068910256410257 0.011853448275862068 0.038461538461538464 0.023706896551724137
0 0.8794070512820513 0.1567887931034483 0.03325320512820513 0.0603448275862069
0 0.9631410256410257 0.24838362068965517 0.02403846153846154 0.04310344827586207
0 0.9326923076923077 0.4170258620689655 0.04046474358974359 0.05172413793103448
0 0.9242788461538461 0.9542025862068966 0.030048076923076924 0.06303879310344827