0 0.09975961538461539 0.8836206896551724 0.036057692307692304 0.04633620689655173
0 0.655448717948718 0.1627155172413793 0.030849358974358976 0.043642241379310345
0 0.516426282051282 0.6821120689655172 0.03325320512820513 0.050107758620689655
0 0.3457532051282051 0.1961206896551724 0.03245192307692308 0.047952586206896554
0 0.9186698717948718 0.31627155172413796 0.03365384615384615 0.05172413793103448
0 0.36338141025641024 0.5118534482758621 0.030048076923076924 0.0447198275862069
0 0.38100961538461536 0.3922413793103448 0.029647435897435896 0.05334051724137931
0 0.1438301282051282 0.11637931034482758 0.02844551282051282 0.050107758620689655
0 0.18469551282051283 0.09105603448275862 0.034054487179487176 0.04202586206896552
0 0.5520833333333334 0.3857758620689655 0.037259615384615384 0.04202586206896552
0 0.8613782051282052 0.046875 0.04366987179487179 0.03609913793103448
0 0.4483173076923077 0.5754310344827587 0.03205128205128205 0.04418103448275862
0 0.5588942307692307 0.9304956896551724 0.03685897435897436 0.05118534482758621
0 0.16706730769230768 0.43049568965517243 0.03205128205128205 0.05441810344827586
0 0.952323717948718 0.4552801724137931 0.030448717948717948 0.047952586206896554
0 0.31690705128205127 0.8081896551724138 0.03685897435897436 0.03556034482758621
0 0.4407051282051282 0.2036637931034483 0.030048076923076924 0.03771551724137931
0 0.054086538461538464 0.24461206896551724 0.028044871794871796 0.04741379310344827
0 0.8890224358974359 0.16594827586206898 0.03445512820512821 0.04633620689655173
0 0.2047275641025641 0.2764008620689655 0.029647435897435896 0.045797413793103446
0 0.6919070512820513 0.48060344827586204 0.03325320512820513 0.05334051724137931
0 0.7604166666666666 0.9779094827586207 0.03565705128205128 0.041487068965517244
0 0.312099358974359 0.7279094827586207 0.03485576923076923 0.05441810344827586
0 0.6606570512820513 0.02586206896551724 0.03445512820512821 0.034482758620689655
0 0.6602564102564102 0.9773706896551724 0.03205128205128205 0.04525862068965517
0 0.9050480769230769 0.8927801724137931 0.027644230769230768 0.04310344827586207
0 0.8080929487179487 0.043642241379310345 0.037259615384615384 0.04202586206896552
0 0.3088942307692308 0.9849137931034483 0.045272435897435896 0.03017241379310345
0 0.9322916666666666 0.978448275862069 0.035256410256410256 0.04310344827586207
0 0.7932692307692307 0.30495689655172414 0.03685897435897436 0.03502155172413793
0 0.6971153846153846 0.3297413793103448 0.039663461538461536 0.03825431034482758
0 0.9635416666666666 0.2192887931034483 0.030048076923076924 0.043642241379310345
0 0.01201923076923077 0.3308189655172414 0.02403846153846154 0.03987068965517242
0 0.1326121794871795 0.6082974137931034 0.030849358974358976 0.0490301724137931
0 0.3060897435897436 0.3081896551724138 0.04126602564102564 0.046875
0 0.011618589743589744 0.6325431034482759 0.02283653846153846 0.046875
0 0.3942307692307692 0.01670258620689655 0.03766025641025641 0.0334051724137931
0 0.30649038461538464 0.6077586206896551 0.03125 0.03933189655172414
0 0.8193108974358975 0.8545258620689655 0.031650641025641024 0.04633620689655173
0 0.6462339743589743 0.6169181034482759 0.03565705128205128 0.050107758620689655
0 0.6790865384615384 0.693426724137931 0.03205128205128205 0.05118534482758621
0 0.008814102564102564 0.4014008620689655 0.017628205128205128 0.04633620689655173
0 0.5901442307692307 0.6734913793103449 0.03325320512820513 0.052801724137931036
0 0.7219551282051282 0.375 0.042868589743589744 0.056573275862068964
0 0.038461538461538464 0.9304956896551724 0.03926282051282051 0.04849137931034483
0 0.5524839743589743 0.8599137931034483 0.038461538461538464 0.041487068965517244
0 0.47475961538461536 0.775323275862069 0.03565705128205128 0.05603448275862069
0 0.2263621794871795 0.49084051724137934 0.03245192307692308 0.052801724137931036
0 0.4286858974358974 0.6519396551724138 0.029246794871794872 0.04956896551724138
0 0.9242788461538461 0.8022629310344828 0.029246794871794872 0.06357758620689655
0 0.2155448717948718 0.3324353448275862 0.034054487179487176 0.06196120689655173
0 0.0889423076923077 0.712823275862069 0.03926282051282051 0.0447198275862069
0 0.7908653846153846 0.6433189655172413 0.04487179487179487 0.03933189655172414
0 0.9911858974358975 0.7289870689655172 0.017628205128205128 0.03987068965517242
0 0.8970352564102564 0.9832974137931034 0.036458333333333336 0.0334051724137931
0 0.012419871794871794 0.9865301724137931 0.024839743589743588 0.02693965517241379
0 0.9274839743589743 0.021551724137931036 0.03325320512820513 0.04310344827586207
0 0.8533653846153846 0.21443965517241378 0.027243589743589744 0.04849137931034483
0 0.6294070512820513 0.4865301724137931 0.025240384615384616 0.041487068965517244
0 0.5737179487179487 0.32435344827586204 0.035256410256410256 0.04040948275862069
0 0.5765224358974359 0.015625 0.027243589743589744 0.03125
0 0.26161858974358976 0.19773706896551724 0.037259615384615384 0.05334051724137931
0 0.22395833333333334 0.8135775862068966 0.03245192307692308 0.03286637931034483