0 0.2592147435897436 0.7214439655172413 0.037259615384615384 0.047952586206896554
0 0.7880608974358975 0.7634698275862069 0.03685897435897436 0.041487068965517244
0 0.8766025641025641 0.7564655172413793 0.035256410256410256 0.050107758620689655
0 0.08253205128205128 0.06411637931034483 0.03445512820512821 0.05441810344827586
0 0.20432692307692307 0.8615301724137931 0.03926282051282051 0.045797413793103446
0 0.6278044871794872 0.4197198275862069 0.04046474358974359 0.045797413793103446
0 0.18669871794871795 0.5619612068965517 0.03806089743589743 0.04310344827586207
0 0.2359775641025641 0.056573275862068964 0.03565705128205128 0.05064655172413793
0 0.5909455128205128 0.7462284482758621 0.03325320512820513 0.043642241379310345
0 0.20673076923076922 0.6147629310344828 0.040865384615384616 0.04418103448275862
0 0.6454326923076923 0.8189655172413793 0.032852564102564104 0.05495689655172414
0 0.40224358974358976 0.6821120689655172 0.036057692307692304 0.04633620689655173
0 0.3389423076923077 0.29364224137931033 0.03245192307692308 0.056573275862068964
0 0.9475160256410257 0.505926724137931 0.03445512820512821 0.05064655172413793
0 0.41786858974358976 0.7435344827586207 0.04326923076923077 0.03609913793103448
0 0.07572115384615384 0.6546336206896551 0.03445512820512821 0.040948275862068964
0 0.9290865384615384 0.06950431034482758 0.036057692307692304 0.04202586206896552
0 0.7920673076923077 0.47844827586206895 0.028846153846153848 0.04202586206896552
0 0.29086538461538464 0.33189655172413796 0.03565705128205128 0.04741379310344827
0 0.4286858974358974 0.3275862068965517 0.04326923076923077 0.04849137931034483
0 0.984375 0.9132543103448276 0.03125 0.03771551724137931
0 0.22796474358974358 0.3739224137931034 0.038461538461538464 0.03879310344827586
0 0.9715544871794872 0.10668103448275862 0.031650641025641024 0.03502155172413793
0 0.6113782051282052 0.3426724137931034 0.036458333333333336 0.057112068965517244
0 0.9467147435897436 0.3389008620689655 0.034054487179487176 0.04741379310344827
0 0.7395833333333334 0.4504310344827586 0.032852564102564104 0.04310344827586207
0 0.010016025641025642 0.4364224137931034 0.019631410256410256 0.03933189655172414
0 0.33613782051282054 0.9897629310344828 0.041666666666666664 0.020474137931034482
0 0.5721153846153846 0.1411637931034483 0.04126602564102564 0.04418103448275862
0 0.7383814102564102 0.8119612068965517 0.03445512820512821 0.052262931034482756
0 0.021634615384615384 0.3604525862068966 0.035256410256410256 0.0447198275862069
0 0.12219551282051282 0.7704741379310345 0.04006410256410257 0.05495689655172414
0 0.18068910256410256 0.06411637931034483 0.035256410256410256 0.04956896551724138
0 0.5857371794871795 0.21551724137931033 0.04487179487179487 0.043642241379310345
0 0.3425480769230769 0.5064655172413793 0.036057692307692304 0.05064655172413793
0 0.7780448717948718 0.4175646551724138 0.030849358974358976 0.05334051724137931
0 0.8064903846153846 0.045797413793103446 0.038461538461538464 0.04040948275862069
0 0.13020833333333334 0.3577586206896552 0.03485576923076923 0.052801724137931036
0 0.7387820512820513 0.13092672413793102 0.031650641025641024 0.05118534482758621
0 0.7916666666666666 0.23706896551724138 0.03325320512820513 0.052801724137931036
0 0.4495192307692308 0.9735991379310345 0.048477564102564104 0.04633620689655173
0 0.6145833333333334 0.5296336206896551 0.037259615384615384 0.05172413793103448
0 0.4935897435897436 0.4245689655172414 0.038461538461538464 0.05387931034482758
0 0.9919871794871795 0.5102370689655172 0.015625 0.03556034482758621
0 0.32411858974358976 0.6260775862068966 0.03565705128205128 0.050107758620689655
0 0.6862980769230769 0.9542025862068966 0.04046474358974359 0.037176724137931036
0 0.4703525641025641 0.35183189655172414 0.032852564102564104 0.05495689655172414
0 0.9302884615384616 0.7807112068965517 0.03806089743589743 0.0447198275862069
0 0.8189102564102564 0.16648706896551724 0.029647435897435896 0.03879310344827586
0 0.9423076923076923 0.9854525862068966 0.03245192307692308 0.029094827586206896