0 0.5300480769230769 0.3480603448275862 0.042067307692307696 0.047952586206896554
0 0.8725961538461539 0.2209051724137931 0.036458333333333336 0.0447198275862069
0 0.4907852564102564 0.2349137931034483 0.04246794871794872 0.04418103448275862
0 0.6370192307692307 0.109375 0.03766025641025641 0.04633620689655173
0 0.4719551282051282 0.15086206896551724 0.03766025641025641 0.046875
0 0.5817307692307693 0.8265086206896551 0.04126602564102564 0.052801724137931036
0 0.24919871794871795 0.8771551724137931 0.03365384615384615 0.03933189655172414
0 0.5825320512820513 0.540948275862069 0.042868589743589744 0.04525862068965517
0 0.90625 0.08728448275862069 0.04006410256410257 0.047952586206896554
0 0.26001602564102566 0.32273706896551724 0.03685897435897436 0.045797413793103446
0 0.9282852564102564 0.9294181034482759 0.04366987179487179 0.04525862068965517
0 0.8369391025641025 0.7893318965517241 0.04126602564102564 0.041487068965517244
0 0.8870192307692307 0.7564655172413793 0.037259615384615384 0.04525862068965517
0 0.9635416666666666 0.07758620689655173 0.03685897435897436 0.041487068965517244
0 0.6862980769230769 0.22629310344827586 0.042868589743589744 0.03825431034482758
0 0.7231570512820513 0.9412715517241379 0.04487179487179487 0.05603448275862069
0 0.9202724358974359 0.31573275862068967 0.03766025641025641 0.041487068965517244
0 0.21915064102564102 0.42510775862068967 0.034054487179487176 0.03987068965517242
0 0.42588141025641024 0.2925646551724138 0.03245192307692308 0.047952586206896554
0 0.9575320512820513 0.630926724137931 0.03565705128205128 0.04741379310344827
0 0.33533653846153844 0.18911637931034483 0.03806089743589743 0.04418103448275862
0 0.31530448717948717 0.8863146551724138 0.03485576923076923 0.040948275862068964
0 0.7852564102564102 0.39601293103448276 0.036057692307692304 0.050107758620689655
0 0.028044871794871796 0.03178879310344827 0.04326923076923077 0.03825431034482758
0 0.8697916666666666 0.9051724137931034 0.047275641025641024 0.04525862068965517
0 0.7275641025641025 0.6163793103448276 0.036458333333333336 0.04849137931034483
0 0.421474358974359 0.7381465517241379 0.03685897435897436 0.047952586206896554
0 0.9362980769230769 0.5484913793103449 0.04126602564102564 0.04956896551724138
0 0.015224358974358974 0.6869612068965517 0.030448717948717948 0.05064655172413793
0 0.6157852564102564 0.8943965517241379 0.04046474358974359 0.036637931034482756
0 0.30528846153846156 0.9574353448275862 0.03766025641025641 0.04849137931034483
0 0.38301282051282054 0.7446120689655172 0.036057692307692304 0.036637931034482756
0 0.6746794871794872 0.017780172413793104 0.04046474358974359 0.03556034482758621
0 0.9819711538461539 0.9762931034482759 0.036057692307692304 0.04741379310344827
0 0.5673076923076923 0.6223060344827587 0.04366987179487179 0.04849137931034483
0 0.23157051282051283 0.7262931034482759 0.03886217948717949 0.0334051724137931
0 0.49719551282051283 0.734375 0.04366987179487179 0.04040948275862069
0 0.5324519230769231 0.5177801724137931 0.04006410256410257 0.03609913793103448
0 0.6838942307692307 0.12931034482758622 0.036458333333333336 0.036637931034482756
0 0.8629807692307693 0.6713362068965517 0.03926282051282051 0.04256465517241379
0 0.14543269230769232 0.8362068965517241 0.03886217948717949 0.0447198275862069
0 0.22796474358974358 0.7785560344827587 0.03485576923076923 0.045797413793103446
0 0.7636217948717948 0.6314655172413793 0.035256410256410256 0.05549568965517242
0 0.7576121794871795 0.9579741379310345 0.042868589743589744 0.056573275862068964
0 0.3798076923076923 0.2796336206896552 0.04887820512820513 0.04849137931034483
0 0.16506410256410256 0.2677801724137931 0.038461538461538464 0.050107758620689655
0 0.140625 0.5393318965517241 0.03806089743589743 0.04310344827586207
0 0.9491185897435898 0.27101293103448276 0.038461538461538464 0.0447198275862069
0 0.09014423076923077 0.7963362068965517 0.04006410256410257 0.041487068965517244
0 0.07451923076923077 0.5420258620689655 0.03806089743589743 0.04310344827586207
0 0.19591346153846154 0.04256465517241379 0.03485576923076923 0.04633620689655173
0 0.22075320512820512 0.07596982758620689 0.03565705128205128 0.03556034482758621