0 0.9066506410256411 0.3857758620689655 0.042067307692307696 0.05441810344827586
0 0.38501602564102566 0.5123922413793104 0.04326923076923077 0.050107758620689655
0 0.05368589743589743 0.7462284482758621 0.03685897435897436 0.0447198275862069
0 0.844551282051282 0.07920258620689655 0.04126602564102564 0.047952586206896554
0 0.2744391025641026 0.8292025862068966 0.037259615384615384 0.04849137931034483
0 0.41225961538461536 0.9089439655172413 0.04246794871794872 0.052262931034482756
0 0.7451923076923077 0.8415948275862069 0.042868589743589744 0.05172413793103448
0 0.5492788461538461 0.8157327586206896 0.03806089743589743 0.045797413793103446
0 0.04607371794871795 0.5290948275862069 0.03806089743589743 0.040948275862068964
0 0.3918269230769231 0.043642241379310345 0.03565705128205128 0.04202586206896552
0 0.3545673076923077 0.39601293103448276 0.03766025641025641 0.04310344827586207
0 0.7780448717948718 0.5377155172413793 0.037259615384615384 0.05172413793103448
0 0.65625 0.4207974137931034 0.036057692307692304 0.04418103448275862
0 0.9527243589743589 0.40301724137931033 0.03685897435897436 0.043642241379310345
0 0.4519230769230769 0.7354525862068966 0.04447115384615385 0.04202586206896552
0 0.5416666666666666 0.06357758620689655 0.03766025641025641 0.05603448275862069
0 0.023237179487179488 0.8970905172413793 0.04246794871794872 0.050107758620689655
0 0.08133012820512821 0.11961206896551724 0.036057692307692304 0.045797413793103446
0 0.8473557692307693 0.28448275862068967 0.04447115384615385 0.0490301724137931
0 0.6506410256410257 0.05334051724137931 0.03766025641025641 0.05064655172413793
0 0.5709134615384616 0.28717672413793105 0.04046474358974359 0.03933189655172414
0 0.11658653846153846 0.6271551724137931 0.035256410256410256 0.046875
0 0.13782051282051283 0.28448275862068967 0.036057692307692304 0.040948275862068964
0 0.2536057692307692 0.42941810344827586 0.046474358974358976 0.040948275862068964
0 0.6622596153846154 0.5021551724137931 0.03325320512820513 0.0447198275862069
0 0.6774839743589743 0.640625 0.039663461538461536 0.036637931034482756
0 0.17267628205128205 0.12176724137931035 0.03445512820512821 0.043642241379310345
0 0.6318108974358975 0.6514008620689655 0.036057692307692304 0.04040948275862069
0 0.719551282051282 0.05441810344827586 0.04366987179487179 0.03879310344827586
0 0.47155448717948717 0.41217672413793105 0.034054487179487176 0.04956896551724138
0 0.33092948717948717 0.2365301724137931 0.03485576923076923 0.0447198275862069
0 0.985176282051282 0.6707974137931034 0.029246794871794872 0.04202586206896552
0 0.2091346153846154 0.38739224137931033 0.03806089743589743 0.03394396551724138
0 0.7836538461538461 0.12338362068965517 0.04006410256410257 0.05172413793103448
0 0.49719551282051283 0.5630387931034483 0.040865384615384616 0.034482758620689655
0 0.06650641025641026 0.016163793103448277 0.04006410256410257 0.032327586206896554
0 0.8826121794871795 0.03017241379310345 0.030849358974358976 0.03556034482758621
0 0.6646634615384616 0.13254310344827586 0.036458333333333336 0.047952586206896554
0 0.8161057692307693 0.681573275862069 0.034054487179487176 0.0447198275862069
0 0.1734775641025641 0.849676724137931 0.03766025641025641 0.04418103448275862
0 0.469150641025641 0.6126077586206896 0.042868589743589744 0.043642241379310345
0 0.4891826923076923 0.9762931034482759 0.036057692307692304 0.0447198275862069
0 0.9118589743589743 0.515625 0.04006410256410257 0.0334051724137931
0 0.6081730769230769 0.5118534482758621 0.046474358974358976 0.0490301724137931
0 0.6362179487179487 0.8103448275862069 0.038461538461538464 0.037176724137931036
0 0.18068910256410256 0.24407327586206898 0.039663461538461536 0.03394396551724138
0 0.1798878205128205 0.29094827586206895 0.03806089743589743 0.03502155172413793
0 0.41346153846153844 0.12338362068965517 0.034054487179487176 0.04956896551724138
0 0.8064903846153846 0.35290948275862066 0.04487179487179487 0.04202586206896552
0 0.9387019230769231 0.709051724137931 0.03485576923076923 0.04202586206896552
0 0.6181891025641025 0.9709051724137931 0.034054487179487176 0.03933189655172414
0 0.3265224358974359 0.03609913793103448 0.03886217948717949 0.040948275862068964
0 0.18389423076923078 0.6233836206896551 0.03565705128205128 0.04525862068965517
0 0.22395833333333334 0.884698275862069 0.028846153846153848 0.04741379310344827
0 0.9471153846153846 0.9477370689655172 0.046474358974358976 0.03502155172413793
0 0.9927884615384616 0.9816810344827587 0.014423076923076924 0.03502155172413793
0 0.78125 0.9649784482758621 0.030448717948717948 0.03609913793103448
0 0.8673878205128205 0.599676724137931 0.024439102564102564 0.04310344827586207
0 0.23237179487179488 0.10991379310344827 0.028846153846153848 0.04741379310344827
0 0.014823717948717948 0.7494612068965517 0.024439102564102564 0.05765086206896552
0 0.013221153846153846 0.5064655172413793 0.026442307692307692 0.05549568965517242
0 0.31330128205128205 0.5598060344827587 0.03806089743589743 0.03286637931034483
0 0.3954326923076923 0.8464439655172413 0.030448717948717948 0.052262931034482756
0 0.9879807692307693 0.1880387931034483 0.023637820512820512 0.04310344827586207
0 0.31850961538461536 0.6131465517241379 0.05689102564102564 0.05872844827586207
0 0.5360576923076923 0.25377155172413796 0.034054487179487176 0.03502155172413793