0 0.18108974358974358 0.14224137931034483 0.046474358974358976 0.04956896551724138
0 0.9435096153846154 0.7737068965517241 0.03926282051282051 0.04849137931034483
0 0.5228365384615384 0.7494612068965517 0.035256410256410256 0.043642241379310345
0 0.7331730769230769 0.36637931034482757 0.035256410256410256 0.05765086206896552
0 0.5897435897435898 0.7295258620689655 0.030448717948717948 0.04741379310344827
0 0.5612980769230769 0.4067887931034483 0.04006410256410257 0.05980603448275862
0 0.6506410256410257 0.6023706896551724 0.03245192307692308 0.05387931034482758
0 0.9875801282051282 0.9175646551724138 0.024839743589743588 0.045797413793103446
0 0.43990384615384615 0.9838362068965517 0.04366987179487179 0.032327586206896554
0 0.07211538461538461 0.9865301724137931 0.04487179487179487 0.02693965517241379
0 0.3954326923076923 0.8588362068965517 0.031650641025641024 0.057112068965517244
0 0.8882211538461539 0.008620689655172414 0.039663461538461536 0.01670258620689655
0 0.020833333333333332 0.5711206896551724 0.03205128205128205 0.047952586206896554
0 0.47676282051282054 0.38200431034482757 0.03806089743589743 0.04418103448275862
0 0.9495192307692307 0.4504310344827586 0.036458333333333336 0.061422413793103446
0 0.8048878205128205 0.4714439655172414 0.030448717948717948 0.0625
0 0.23677884615384615 0.3927801724137931 0.046875 0.04633620689655173
0 0.8024839743589743 0.3485991379310345 0.03485576923076923 0.05765086206896552
0 0.9907852564102564 0.32004310344827586 0.018028846153846152 0.047952586206896554
0 0.6442307692307693 0.0980603448275862 0.04927884615384615 0.04256465517241379
0 0.3000801282051282 0.3426724137931034 0.046875 0.04741379310344827
0 0.43830128205128205 0.021551724137931036 0.04246794871794872 0.04256465517241379
0 0.7135416666666666 0.9563577586206896 0.030849358974358976 0.05818965517241379
0 0.05048076923076923 0.1336206896551724 0.03245192307692308 0.05818965517241379
0 0.905448717948718 0.3232758620689655 0.03926282051282051 0.052801724137931036
0 0.2668269230769231 0.587823275862069 0.03926282051282051 0.057112068965517244
0 0.11738782051282051 0.25592672413793105 0.034054487179487176 0.05387931034482758
0 0.16145833333333334 0.8545258620689655 0.046875 0.04418103448275862
0 0.8485576923076923 0.06303879310344827 0.04326923076923077 0.045797413793103446