0 0.39302884615384615 0.78125 0.046875 0.045797413793103446
0 0.8922275641025641 0.32273706896551724 0.03806089743589743 0.04525862068965517
0 0.22556089743589744 0.3545258620689655 0.042868589743589744 0.0447198275862069
0 0.3088942307692308 0.15355603448275862 0.03365384615384615 0.05495689655172414
0 0.19471153846153846 0.5889008620689655 0.04447115384615385 0.04202586206896552
0 0.08814102564102565 0.2629310344827586 0.035256410256410256 0.0447198275862069
0 0.30448717948717946 0.08997844827586207 0.038461538461538464 0.04633620689655173
0 0.29927884615384615 0.9644396551724138 0.03365384615384615 0.052801724137931036
0 0.8778044871794872 0.21982758620689655 0.04326923076923077 0.04202586206896552
0 0.7019230769230769 0.10290948275862069 0.03245192307692308 0.047952586206896554
0 0.1045673076923077 0.9030172413793104 0.04046474358974359 0.050107758620689655
0 0.04487179487179487 0.4224137931034483 0.04126602564102564 0.04633620689655173
0 0.7716346153846154 0.06627155172413793 0.030448717948717948 0.045797413793103446
0 0.9635416666666666 0.9073275862068966 0.029246794871794872 0.05495689655172414
0 0.029647435897435896 0.5748922413793104 0.047275641025641024 0.03825431034482758
0 0.9503205128205128 0.25592672413793105 0.032852564102564104 0.0490301724137931
0 0.036057692307692304 0.2974137931034483 0.030849358974358976 0.045797413793103446
0 0.6490384615384616 0.26023706896551724 0.03565705128205128 0.04633620689655173
0 0.6915064102564102 0.29040948275862066 0.04487179487179487 0.03825431034482758
0 0.7283653846153846 0.8782327586206896 0.03125 0.04633620689655173
0 0.49439102564102566 0.018857758620689655 0.03205128205128205 0.03771551724137931
0 0.7279647435897436 0.5727370689655172 0.03886217948717949 0.03825431034482758
0 0.1858974358974359 0.9396551724137931 0.036458333333333336 0.05387931034482758
0 0.5020032051282052 0.7295258620689655 0.04006410256410257 0.05172413793103448
0 0.7904647435897436 0.8071120689655172 0.042067307692307696 0.05549568965517242
0 0.9623397435897436 0.8464439655172413 0.042868589743589744 0.05172413793103448
0 0.3561698717948718 0.34752155172413796 0.030448717948717948 0.059267241379310345
0 0.5080128205128205 0.47790948275862066 0.036057692307692304 0.05872844827586207
0 0.4042467948717949 0.3011853448275862 0.038461538461538464 0.04849137931034483
0 0.04927884615384615 0.9348060344827587 0.03886217948717949 0.04310344827586207
0 0.44871794871794873 0.5398706896551724 0.045272435897435896 0.04525862068965517
0 0.35336538461538464 0.9369612068965517 0.04487179487179487 0.05118534482758621
0 0.20793269230769232 0.5226293103448276 0.03926282051282051 0.05118534482758621
0 0.1919070512820513 0.10075431034482758 0.03766025641025641 0.06088362068965517
0 0.5364583333333334 0.20797413793103448 0.04246794871794872 0.05441810344827586
0 0.2800480769230769 0.6233836206896551 0.03806089743589743 0.06303879310344827
0 0.8497596153846154 0.01993534482758621 0.028044871794871796 0.03987068965517242
0 0.6678685897435898 0.33405172413793105 0.03325320512820513 0.03933189655172414
0 0.7415865384615384 0.6848060344827587 0.03926282051282051 0.03125
0 0.5512820512820513 0.4170258620689655 0.03806089743589743 0.04310344827586207