0 0.6846955128205128 0.5533405172413793 0.036458333333333336 0.04256465517241379
0 0.39863782051282054 0.9536637931034483 0.039663461538461536 0.047952586206896554
0 0.9114583333333334 0.6136853448275862 0.040865384615384616 0.047952586206896554
0 0.3405448717948718 0.23545258620689655 0.046875 0.041487068965517244
0 0.27884615384615385 0.3151939655172414 0.03245192307692308 0.0447198275862069
0 0.08333333333333333 0.4886853448275862 0.045272435897435896 0.04202586206896552
0 0.20713141025641027 0.1557112068965517 0.03806089743589743 0.046875
0 0.5861378205128205 0.30387931034482757 0.03886217948717949 0.04040948275862069
0 0.3485576923076923 0.3459051724137931 0.030048076923076924 0.03825431034482758
0 0.5252403846153846 0.9525862068965517 0.042868589743589744 0.050107758620689655
0 0.12059294871794872 0.16594827586206898 0.031650641025641024 0.05172413793103448
0 0.6754807692307693 0.7677801724137931 0.031650641025641024 0.03933189655172414
0 0.7191506410256411 0.974676724137931 0.029647435897435896 0.046875
0 0.2720352564102564 0.5899784482758621 0.03445512820512821 0.04741379310344827
0 0.9807692307692307 0.9574353448275862 0.038461538461538464 0.04040948275862069
0 0.27163461538461536 0.10721982758620689 0.03886217948717949 0.047952586206896554
0 0.43349358974358976 0.16702586206896552 0.03245192307692308 0.041487068965517244
0 0.10296474358974358 0.3270474137931034 0.03926282051282051 0.05334051724137931
0 0.21474358974358973 0.9832974137931034 0.038461538461538464 0.0334051724137931
0 0.9451121794871795 0.7273706896551724 0.039663461538461536 0.03987068965517242
0 0.3770032051282051 0.07758620689655173 0.03445512820512821 0.05387931034482758
0 0.5072115384615384 0.03017241379310345 0.038461538461538464 0.046875
0 0.8052884615384616 0.09698275862068965 0.04046474358974359 0.03879310344827586
0 0.23557692307692307 0.7144396551724138 0.04767628205128205 0.06303879310344827
0 0.09375 0.20635775862068967 0.04046474358974359 0.041487068965517244
0 0.03325320512820513 0.05064655172413793 0.032852564102564104 0.04525862068965517
0 0.5044070512820513 0.6880387931034483 0.03685897435897436 0.03987068965517242
0 0.7155448717948718 0.21120689655172414 0.027644230769230768 0.045797413793103446
0 0.3020833333333333 0.8200431034482759 0.03365384615384615 0.037176724137931036
0 0.4599358974358974 0.6255387931034483 0.04246794871794872 0.037176724137931036
0 0.8866185897435898 0.8367456896551724 0.036458333333333336 0.05334051724137931
0 0.07732371794871795 0.8841594827586207 0.03365384615384615 0.050107758620689655
0 0.6834935897435898 0.5032327586206896 0.04246794871794872 0.046875
0 0.234375 0.015625 0.026442307692307692 0.030711206896551723
0 0.41466346153846156 0.7645474137931034 0.04126602564102564 0.03771551724137931
0 0.7463942307692307 0.2209051724137931 0.03685897435897436 0.04256465517241379
0 0.3938301282051282 0.5070043103448276 0.032852564102564104 0.04256465517241379
0 0.5436698717948718 0.34913793103448276 0.020432692307692308 0.03879310344827586
0 0.641426282051282 0.08405172413793104 0.028846153846153848 0.03879310344827586
0 0.6081730769230769 0.023168103448275863 0.026041666666666668 0.036637931034482756
0 0.49038461538461536 0.23545258620689655 0.020432692307692308 0.0334051724137931
0 0.8754006410256411 0.1384698275862069 0.026842948717948716 0.04040948275862069
0 0.53125 0.19558189655172414 0.030048076923076924 0.047952586206896554
0 0.6217948717948718 0.4558189655172414 0.036458333333333336 0.04849137931034483
0 0.390625 0.546875 0.03685897435897436 0.04256465517241379
0 0.4907852564102564 0.7198275862068966 0.03565705128205128 0.03178879310344827
0 0.4094551282051282 0.8512931034482759 0.03125 0.04040948275862069
0 0.1750801282051282 0.8044181034482759 0.03886217948717949 0.0447198275862069
0 0.1326121794871795 0.7117456896551724 0.029246794871794872 0.030711206896551723
0 0.08133012820512821 0.5991379310344828 0.020833333333333332 0.03125
0 0.008814102564102564 0.3728448275862069 0.017628205128205128 0.043642241379310345
0 0.22275641025641027 0.05603448275862069 0.020833333333333332 0.028556034482758622