0 0.48197115384615385 0.9234913793103449 0.032852564102564104 0.043642241379310345
0 0.5905448717948718 0.6411637931034483 0.045272435897435896 0.03879310344827586
0 0.4519230769230769 0.4089439655172414 0.03245192307692308 0.03771551724137931
0 0.639823717948718 0.37877155172413796 0.042067307692307696 0.04418103448275862
0 0.5721153846153846 0.46336206896551724 0.042868589743589744 0.03879310344827586
0 0.688301282051282 0.18588362068965517 0.037259615384615384 0.045797413793103446
0 0.5296474358974359 0.5328663793103449 0.04366987179487179 0.03609913793103448
0 0.3994391025641026 0.8362068965517241 0.037259615384615384 0.04202586206896552
0 0.828926282051282 0.7192887931034483 0.03565705128205128 0.04525862068965517
0 0.5729166666666666 0.8405172413793104 0.03565705128205128 0.04525862068965517
0 0.040865384615384616 0.36799568965517243 0.035256410256410256 0.04418103448275862
0 0.8878205128205128 0.6637931034482759 0.030448717948717948 0.04525862068965517
0 0.27844551282051283 0.09752155172413793 0.04046474358974359 0.03879310344827586
0 0.6875 0.9639008620689655 0.03125 0.04956896551724138
0 0.7051282051282052 0.04633620689655173 0.03565705128205128 0.04849137931034483
0 0.5953525641025641 0.11745689655172414 0.044070512820512824 0.036637931034482756
0 0.1546474358974359 0.759698275862069 0.03125 0.050107758620689655
0 0.07491987179487179 0.20150862068965517 0.03245192307692308 0.05064655172413793
0 0.2111378205128205 0.4709051724137931 0.037259615384615384 0.03879310344827586
0 0.1422275641025641 0.4358836206896552 0.04126602564102564 0.037176724137931036
0 0.37259615384615385 0.8943965517241379 0.031650641025641024 0.046875
0 0.055288461538461536 0.4418103448275862 0.040865384615384616 0.03609913793103448
0 0.9395032051282052 0.2650862068965517 0.042067307692307696 0.03987068965517242
0 0.4823717948717949 0.21336206896551724 0.039663461538461536 0.03609913793103448
0 0.6750801282051282 0.6325431034482759 0.03806089743589743 0.03987068965517242
0 0.5480769230769231 0.2095905172413793 0.04126602564102564 0.03609913793103448
0 0.6149839743589743 0.9105603448275862 0.03766025641025641 0.041487068965517244
0 0.12700320512820512 0.849676724137931 0.037259615384615384 0.037176724137931036
0 0.13982371794871795 0.15948275862068967 0.031650641025641024 0.04849137931034483
0 0.16145833333333334 0.9730603448275862 0.02844551282051282 0.03771551724137931
0 0.9647435897435898 0.5404094827586207 0.04126602564102564 0.03771551724137931
0 0.9871794871794872 0.9353448275862069 0.02564102564102564 0.05387931034482758
0 0.9739583333333334 0.1961206896551724 0.042868589743589744 0.036637931034482756
0 0.6698717948717948 0.017780172413793104 0.04046474358974359 0.034482758620689655
0 0.9783653846153846 0.28825431034482757 0.029246794871794872 0.041487068965517244
0 0.020432692307692308 0.6417025862068966 0.036057692307692304 0.03394396551724138