0 0.30408653846153844 0.7144396551724138 0.03766025641025641 0.04310344827586207
0 0.6466346153846154 0.38308189655172414 0.041666666666666664 0.052262931034482756
0 0.46594551282051283 0.9488146551724138 0.042868589743589744 0.05118534482758621
0 0.5388621794871795 0.390625 0.04126602564102564 0.043642241379310345
0 0.8665865384615384 0.7866379310344828 0.03886217948717949 0.047952586206896554
0 0.21915064102564102 0.9633620689655172 0.04006410256410257 0.047952586206896554
0 0.8213141025641025 0.8335129310344828 0.03485576923076923 0.04310344827586207
0 0.5568910256410257 0.8927801724137931 0.036458333333333336 0.04418103448275862
0 0.5308493589743589 0.7823275862068966 0.04567307692307692 0.043642241379310345
0 0.9475160256410257 0.822198275862069 0.03325320512820513 0.0447198275862069
0 0.9423076923076923 0.39439655172413796 0.04447115384615385 0.04525862068965517
0 0.30448717948717946 0.3572198275862069 0.03445512820512821 0.04525862068965517
0 0.22516025641025642 0.6239224137931034 0.03806089743589743 0.046875
0 0.1518429487179487 0.4698275862068966 0.042067307692307696 0.04956896551724138
0 0.6642628205128205 0.19881465517241378 0.032852564102564104 0.043642241379310345
0 0.4443108974358974 0.6837284482758621 0.04326923076923077 0.04202586206896552
0 0.28044871794871795 0.17995689655172414 0.037259615384615384 0.0447198275862069
0 0.7311698717948718 0.2338362068965517 0.04006410256410257 0.05441810344827586
0 0.044070512820512824 0.6751077586206896 0.036458333333333336 0.043642241379310345
0 0.4358974358974359 0.2839439655172414 0.03685897435897436 0.040948275862068964
0 0.59375 0.6675646551724138 0.03485576923076923 0.04849137931034483
0 0.27564102564102566 0.2435344827586207 0.03766025641025641 0.047952586206896554
0 0.9322916666666666 0.1648706896551724 0.03445512820512821 0.045797413793103446
0 0.9767628205128205 0.1788793103448276 0.039663461538461536 0.04849137931034483
0 0.5100160256410257 0.21875 0.03806089743589743 0.04741379310344827
0 0.09495192307692307 0.9800646551724138 0.04046474358974359 0.036637931034482756
0 0.640625 0.6885775862068966 0.036458333333333336 0.045797413793103446
0 0.23958333333333334 0.8168103448275862 0.036057692307692304 0.0490301724137931
0 0.18349358974358973 0.2796336206896552 0.03766025641025641 0.032327586206896554
0 0.5689102564102564 0.07704741379310345 0.036057692307692304 0.04956896551724138
0 0.15424679487179488 0.8054956896551724 0.03565705128205128 0.04956896551724138
0 0.4250801282051282 0.4525862068965517 0.04006410256410257 0.050107758620689655
0 0.296875 0.9396551724137931 0.03886217948717949 0.03609913793103448
0 0.7824519230769231 0.7311422413793104 0.04246794871794872 0.04956896551724138
0 0.7884615384615384 0.04956896551724138 0.045272435897435896 0.0490301724137931
0 0.984375 0.09267241379310345 0.03125 0.05818965517241379
0 0.32051282051282054 0.9768318965517241 0.03485576923076923 0.04040948275862069
0 0.44511217948717946 0.38739224137931033 0.036458333333333336 0.046875
0 0.6213942307692307 0.5328663793103449 0.04046474358974359 0.04256465517241379
0 0.6229967948717948 0.2699353448275862 0.041666666666666664 0.045797413793103446
0 0.7524038461538461 0.9655172413793104 0.04366987179487179 0.03556034482758621
0 0.9527243589743589 0.7521551724137931 0.046875 0.050107758620689655
0 0.9074519230769231 0.1869612068965517 0.029246794871794872 0.04310344827586207
0 0.25841346153846156 0.42726293103448276 0.04326923076923077 0.04040948275862069
0 0.8613782051282052 0.28879310344827586 0.038461538461538464 0.05603448275862069
0 0.062099358974358976 0.0980603448275862 0.036458333333333336 0.04633620689655173
0 0.028846153846153848 0.8836206896551724 0.042067307692307696 0.045797413793103446
0 0.2956730769230769 0.546875 0.04326923076923077 0.041487068965517244
0 0.11017628205128205 0.8114224137931034 0.03485576923076923 0.04310344827586207
0 0.17307692307692307 0.4892241379310345 0.04006410256410257 0.052262931034482756
0 0.010016025641025642 0.05765086206896552 0.020032051282051284 0.056573275862068964
0 0.2419871794871795 0.017780172413793104 0.04126602564102564 0.03502155172413793
0 0.30809294871794873 0.5026939655172413 0.03685897435897436 0.037176724137931036
0 0.7596153846153846 0.19019396551724138 0.03485576923076923 0.0447198275862069
0 0.9827724358974359 0.03125 0.034054487179487176 0.0490301724137931
0 0.8533653846153846 0.599676724137931 0.03245192307692308 0.034482758620689655
0 0.8361378205128205 0.546875 0.03806089743589743 0.0447198275862069
0 0.5941506410256411 0.06357758620689655 0.03245192307692308 0.041487068965517244