0 0.11298076923076923 0.5183189655172413 0.029647435897435896 0.04525862068965517
0 0.07371794871794872 0.07650862068965517 0.029246794871794872 0.046875
0 0.7896634615384616 0.7160560344827587 0.032852564102564104 0.040948275862068964
0 0.6578525641025641 0.8685344827586207 0.030448717948717948 0.03879310344827586
0 0.5612980769230769 0.8890086206896551 0.03205128205128205 0.03987068965517242
0 0.2916666666666667 0.4520474137931034 0.03125 0.04525862068965517
0 0.40544871794871795 0.7677801724137931 0.04126602564102564 0.04741379310344827
0 0.6486378205128205 0.7688577586206896 0.035256410256410256 0.04956896551724138
0 0.3137019230769231 0.5382543103448276 0.03806089743589743 0.04256465517241379
0 0.8633814102564102 0.6767241379310345 0.035256410256410256 0.03771551724137931
0 0.828926282051282 0.28987068965517243 0.030849358974358976 0.05334051724137931
0 0.7211538461538461 0.7801724137931034 0.034054487179487176 0.041487068965517244
0 0.5324519230769231 0.9671336206896551 0.04006410256410257 0.04202586206896552
0 0.6598557692307693 0.20905172413793102 0.026842948717948716 0.05495689655172414
0 0.27684294871794873 0.8658405172413793 0.03245192307692308 0.04525862068965517
0 0.6694711538461539 0.4552801724137931 0.036458333333333336 0.03825431034482758
0 0.3301282051282051 0.37176724137931033 0.030048076923076924 0.04418103448275862
0 0.15264423076923078 0.6918103448275862 0.03806089743589743 0.03286637931034483
0 0.38661858974358976 0.10183189655172414 0.036458333333333336 0.0490301724137931
0 0.29447115384615385 0.06465517241379311 0.03445512820512821 0.03556034482758621
0 0.06290064102564102 0.7419181034482759 0.03365384615384615 0.040948275862068964
0 0.3786057692307692 0.9191810344827587 0.03205128205128205 0.0447198275862069
0 0.31650641025641024 0.22413793103448276 0.03766025641025641 0.045797413793103446
0 0.8890224358974359 0.28825431034482757 0.03565705128205128 0.040948275862068964
0 0.2283653846153846 0.4639008620689655 0.030448717948717948 0.03933189655172414
0 0.19751602564102563 0.25808189655172414 0.03565705128205128 0.04310344827586207
0 0.6822916666666666 0.6799568965517241 0.026041666666666668 0.03879310344827586
0 0.9819711538461539 0.7241379310344828 0.03565705128205128 0.04633620689655173
0 0.875801282051282 0.9509698275862069 0.025240384615384616 0.03771551724137931
0 0.17467948717948717 0.6427801724137931 0.037259615384615384 0.04418103448275862
0 0.5669070512820513 0.3582974137931034 0.029647435897435896 0.0490301724137931
0 0.06129807692307692 0.7904094827586207 0.03886217948717949 0.04310344827586207
0 0.44150641025641024 0.5835129310344828 0.02844551282051282 0.05064655172413793
0 0.4098557692307692 0.8302801724137931 0.03806089743589743 0.032327586206896554
0 0.0953525641025641 0.5991379310344828 0.03766025641025641 0.040948275862068964
0 0.9439102564102564 0.4956896551724138 0.026842948717948716 0.037176724137931036
0 0.5580929487179487 0.4956896551724138 0.026842948717948716 0.04849137931034483
0 0.8261217948717948 0.35614224137931033 0.031650641025641024 0.04956896551724138
0 0.280849358974359 0.9762931034482759 0.035256410256410256 0.041487068965517244
0 0.9839743589743589 0.6066810344827587 0.026041666666666668 0.04525862068965517
0 0.8778044871794872 0.9046336206896551 0.026842948717948716 0.043642241379310345
0 0.6089743589743589 0.6880387931034483 0.036057692307692304 0.046875
0 0.4467147435897436 0.4730603448275862 0.031650641025641024 0.036637931034482756
0 0.39663461538461536 0.4213362068965517 0.03485576923076923 0.03825431034482758
0 0.7015224358974359 0.9321120689655172 0.030849358974358976 0.041487068965517244
0 0.5188301282051282 0.625 0.03685897435897436 0.0447198275862069
0 0.9691506410256411 0.5404094827586207 0.029246794871794872 0.041487068965517244
0 0.43028846153846156 0.44989224137931033 0.03245192307692308 0.046875
0 0.47836538461538464 0.5942887931034483 0.030849358974358976 0.040948275862068964
0 0.7295673076923077 0.9682112068965517 0.03365384615384615 0.040948275862068964
0 0.7884615384615384 0.1341594827586207 0.03445512820512821 0.04202586206896552
0 0.8421474358974359 0.7914870689655172 0.03485576923076923 0.052262931034482756
0 0.14583333333333334 0.9105603448275862 0.04006410256410257 0.04633620689655173
0 0.032852564102564104 0.6745689655172413 0.03445512820512821 0.04310344827586207
0 0.8153044871794872 0.42510775862068967 0.030849358974358976 0.052262931034482756
0 0.9046474358974359 0.25646551724137934 0.030849358974358976 0.03987068965517242
0 0.20112179487179488 0.3863146551724138 0.040865384615384616 0.04633620689655173
0 0.8309294871794872 0.6147629310344828 0.028846153846153848 0.04418103448275862
0 0.7107371794871795 0.5123922413793104 0.029647435897435896 0.03502155172413793
0 0.6590544871794872 0.13793103448275862 0.037259615384615384 0.057112068965517244
0 0.2780448717948718 0.5619612068965517 0.04447115384615385 0.0490301724137931
0 0.875801282051282 0.11476293103448276 0.03806089743589743 0.04202586206896552
0 0.8521634615384616 0.5301724137931034 0.029647435897435896 0.06465517241379311
0 0.7475961538461539 0.42887931034482757 0.036057692307692304 0.052262931034482756
0 0.9130608974358975 0.04633620689655173 0.03365384615384615 0.04256465517241379
0 0.7784455128205128 0.009698275862068966 0.042067307692307696 0.01939655172413793
0 0.4931891025641026 0.8744612068965517 0.037259615384615384 0.0490301724137931
0 0.844551282051282 0.08997844827586207 0.03325320512820513 0.041487068965517244
0 0.985176282051282 0.7710129310344828 0.029246794871794872 0.041487068965517244
0 0.7119391025641025 0.5695043103448276 0.03245192307692308 0.03017241379310345
0 0.59375 0.15894396551724138 0.02844551282051282 0.03933189655172414
0 0.5084134615384616 0.44450431034482757 0.03245192307692308 0.04310344827586207
0 0.17307692307692307 0.8696120689655172 0.034054487179487176 0.04849137931034483
0 0.8661858974358975 0.015625 0.029246794871794872 0.03125
0 0.6526442307692307 0.28879310344827586 0.025240384615384616 0.03286637931034483
0 0.35697115384615385 0.49461206896551724 0.026442307692307692 0.03933189655172414
0 0.23798076923076922 0.18265086206896552 0.029246794871794872 0.036637931034482756
0 0.23838141025641027 0.3577586206896552 0.036057692307692304 0.04418103448275862