0 0.8834134615384616 0.7489224137931034 0.04767628205128205 0.041487068965517244
0 0.6975160256410257 0.8399784482758621 0.035256410256410256 0.05765086206896552
0 0.6233974358974359 0.8367456896551724 0.042067307692307696 0.040948275862068964
0 0.5384615384615384 0.9181034482758621 0.030849358974358976 0.05441810344827586
0 0.7924679487179487 0.5759698275862069 0.03325320512820513 0.06465517241379311
0 0.9006410256410257 0.5344827586206896 0.036458333333333336 0.05549568965517242
0 0.6999198717948718 0.5 0.04487179487179487 0.04310344827586207
0 0.4395032051282051 0.49407327586206895 0.03245192307692308 0.05980603448275862
0 0.9903846153846154 0.4369612068965517 0.019230769230769232 0.059267241379310345
0 0.4979967948717949 0.41864224137931033 0.04887820512820513 0.05495689655172414
0 0.7059294871794872 0.028017241379310345 0.040865384615384616 0.043642241379310345
0 0.8669871794871795 0.08297413793103449 0.031650641025641024 0.029094827586206896
0 0.42588141025641024 0.8884698275862069 0.038461538461538464 0.056573275862068964
0 0.281650641025641 0.9719827586206896 0.03485576923076923 0.05549568965517242
0 0.060897435897435896 0.8766163793103449 0.029647435897435896 0.04849137931034483
0 0.03806089743589743 0.6918103448275862 0.036458333333333336 0.04202586206896552
0 0.2792467948717949 0.5086206896551724 0.037259615384615384 0.06357758620689655
0 0.20713141025641027 0.49084051724137934 0.03125 0.0668103448275862
0 0.09735576923076923 0.27747844827586204 0.04807692307692308 0.04202586206896552
0 0.18629807692307693 0.25592672413793105 0.04366987179487179 0.043642241379310345
0 0.19431089743589744 0.16379310344827586 0.03325320512820513 0.050107758620689655
0 0.37259615384615385 0.09159482758620689 0.04447115384615385 0.04849137931034483