0 0.09054487179487179 0.3771551724137931 0.03806089743589743 0.04256465517241379
0 0.19110576923076922 0.16864224137931033 0.03485576923076923 0.05172413793103448
0 0.5612980769230769 0.671875 0.030448717948717948 0.04741379310344827
0 0.9094551282051282 0.5743534482758621 0.04046474358974359 0.03825431034482758
0 0.31850961538461536 0.9154094827586207 0.040865384615384616 0.04202586206896552
0 0.32211538461538464 0.6185344827586207 0.030849358974358976 0.045797413793103446
0 0.827323717948718 0.6955818965517241 0.036458333333333336 0.04956896551724138
0 0.6346153846153846 0.7279094827586207 0.03685897435897436 0.03609913793103448
0 0.3072916666666667 0.5328663793103449 0.036458333333333336 0.04202586206896552
0 0.23076923076923078 0.6670258620689655 0.04126602564102564 0.03825431034482758
0 0.27524038461538464 0.7306034482758621 0.038461538461538464 0.03987068965517242
0 0.054086538461538464 0.5657327586206896 0.04046474358974359 0.04040948275862069
0 0.27884615384615385 0.38362068965517243 0.03365384615384615 0.04525862068965517
0 0.5276442307692307 0.9224137931034483 0.03205128205128205 0.04849137931034483
0 0.7788461538461539 0.26885775862068967 0.03565705128205128 0.05334051724137931
0 0.9078525641025641 0.6557112068965517 0.03806089743589743 0.0334051724137931
0 0.6350160256410257 0.8895474137931034 0.036057692307692304 0.04310344827586207
0 0.7271634615384616 0.9224137931034483 0.030048076923076924 0.05064655172413793
0 0.3333333333333333 0.42941810344827586 0.036458333333333336 0.04418103448275862
0 0.014022435897435898 0.1869612068965517 0.028044871794871796 0.04256465517241379
0 0.8926282051282052 0.7553879310344828 0.03766025641025641 0.03987068965517242
0 0.9435096153846154 0.27155172413793105 0.03886217948717949 0.04310344827586207
0 0.6590544871794872 0.2764008620689655 0.036458333333333336 0.05495689655172414
0 0.9879807692307693 0.8389008620689655 0.02403846153846154 0.052801724137931036
0 0.59375 0.16594827586206898 0.03205128205128205 0.05387931034482758
0 0.9879807692307693 0.2661637931034483 0.02403846153846154 0.052801724137931036
0 0.36738782051282054 0.9752155172413793 0.032852564102564104 0.04956896551724138
0 0.13501602564102563 0.4488146551724138 0.03886217948717949 0.04418103448275862
0 0.8778044871794872 0.8265086206896551 0.03125 0.05064655172413793
0 0.25280448717948717 0.06088362068965517 0.038461538461538464 0.046875
0 0.25761217948717946 0.2101293103448276 0.029246794871794872 0.05603448275862069
0 0.44591346153846156 0.08890086206896551 0.035256410256410256 0.040948275862068964
0 0.71875 0.07974137931034483 0.03886217948717949 0.040948275862068964
0 0.013221153846153846 0.7645474137931034 0.026041666666666668 0.056573275862068964
0 0.19310897435897437 0.7720905172413793 0.03245192307692308 0.05334051724137931
0 0.3970352564102564 0.7268318965517241 0.025240384615384616 0.05872844827586207
0 0.5116185897435898 0.21497844827586207 0.035256410256410256 0.04849137931034483
0 0.7712339743589743 0.14224137931034483 0.03245192307692308 0.05603448275862069
0 0.828926282051282 0.18857758620689655 0.030448717948717948 0.05980603448275862