0 0.8902243589743589 0.6002155172413793 0.03205128205128205 0.04741379310344827
0 0.8145032051282052 0.41217672413793105 0.04006410256410257 0.04256465517241379
0 0.40625 0.5522629310344828 0.036458333333333336 0.0447198275862069
0 0.1390224358974359 0.7015086206896551 0.030048076923076924 0.043642241379310345
0 0.8617788461538461 0.34967672413793105 0.041666666666666664 0.04040948275862069
0 0.452724358974359 0.3609913793103448 0.03125 0.0447198275862069
0 0.28725961538461536 0.7149784482758621 0.031650641025641024 0.04202586206896552
0 0.1266025641025641 0.42834051724137934 0.031650641025641024 0.03933189655172414
0 0.359375 0.4488146551724138 0.030448717948717948 0.03771551724137931
0 0.5524839743589743 0.39385775862068967 0.026842948717948716 0.05172413793103448
0 0.6738782051282052 0.3599137931034483 0.03485576923076923 0.04310344827586207
0 0.5701121794871795 0.837823275862069 0.04006410256410257 0.03933189655172414
0 0.5765224358974359 0.78125 0.041666666666666664 0.04202586206896552
0 0.8998397435897436 0.4229525862068966 0.030048076923076924 0.046875
0 0.7516025641025641 0.7332974137931034 0.03125 0.043642241379310345
0 0.4282852564102564 0.2764008620689655 0.032852564102564104 0.03825431034482758
0 0.24719551282051283 0.8394396551724138 0.02844551282051282 0.03879310344827586
0 0.7752403846153846 0.6686422413793104 0.034054487179487176 0.047952586206896554
0 0.33213141025641024 0.5495689655172413 0.03485576923076923 0.04040948275862069
0 0.9743589743589743 0.05872844827586207 0.03685897435897436 0.04741379310344827
0 0.9435096153846154 0.9455818965517241 0.037259615384615384 0.04040948275862069
0 0.7844551282051282 0.9094827586206896 0.036057692307692304 0.04202586206896552
0 0.09815705128205128 0.4854525862068966 0.032852564102564104 0.03771551724137931
0 0.7772435897435898 0.8502155172413793 0.036057692307692304 0.040948275862068964
0 0.28725961538461536 0.06465517241379311 0.032852564102564104 0.043642241379310345
0 0.26642628205128205 0.931573275862069 0.03445512820512821 0.0447198275862069
0 0.344150641025641 0.15625 0.036057692307692304 0.03987068965517242
0 0.2936698717948718 0.8970905172413793 0.03485576923076923 0.04040948275862069
0 0.1638621794871795 0.6029094827586207 0.02564102564102564 0.04418103448275862
0 0.5424679487179487 0.984375 0.04246794871794872 0.03125
0 0.639823717948718 0.13954741379310345 0.03365384615384615 0.045797413793103446
0 0.2247596153846154 0.8863146551724138 0.026442307692307692 0.03178879310344827
0 0.9667467948717948 0.7376077586206896 0.031650641025641024 0.0447198275862069
0 0.22115384615384615 0.6600215517241379 0.03205128205128205 0.04310344827586207
0 0.13341346153846154 0.5808189655172413 0.029246794871794872 0.043642241379310345
0 0.9907852564102564 0.3448275862068966 0.01842948717948718 0.03879310344827586
0 0.844551282051282 0.9838362068965517 0.03886217948717949 0.032327586206896554
0 0.03565705128205128 0.9865301724137931 0.027644230769230768 0.02693965517241379
0 0.6674679487179487 0.08890086206896551 0.030849358974358976 0.040948275862068964
0 0.5140224358974359 0.03556034482758621 0.030849358974358976 0.05172413793103448
0 0.5076121794871795 0.5064655172413793 0.03365384615384615 0.05172413793103448
0 0.4282852564102564 0.19558189655172414 0.037259615384615384 0.04202586206896552
0 0.31850961538461536 0.022629310344827586 0.032852564102564104 0.04310344827586207
0 0.2880608974358974 0.19504310344827586 0.030048076923076924 0.03879310344827586
0 0.020032051282051284 0.5953663793103449 0.029647435897435896 0.04418103448275862
0 0.890625 0.9304956896551724 0.03125 0.046875
0 0.8745993589743589 0.8992456896551724 0.031650641025641024 0.04310344827586207
0 0.21594551282051283 0.17510775862068967 0.026442307692307692 0.046875
0 0.18629807692307693 0.11476293103448276 0.027243589743589744 0.04849137931034483
0 0.985176282051282 0.15140086206896552 0.023637820512820512 0.03178879310344827
0 0.9250801282051282 0.7354525862068966 0.03806089743589743 0.04849137931034483
0 0.6358173076923077 0.3933189655172414 0.03806089743589743 0.05872844827586207
0 0.04567307692307692 0.3857758620689655 0.036057692307692304 0.04310344827586207
0 0.28405448717948717 0.41648706896551724 0.03325320512820513 0.036637931034482756
0 0.2403846153846154 0.43426724137931033 0.034054487179487176 0.041487068965517244
0 0.09375 0.11637931034482758 0.02844551282051282 0.05495689655172414
0 0.17588141025641027 0.17726293103448276 0.03245192307692308 0.041487068965517244
0 0.030048076923076924 0.109375 0.03806089743589743 0.04418103448275862