0 0.7103365384615384 0.5953663793103449 0.04447115384615385 0.04040948275862069
0 0.3177083333333333 0.7192887931034483 0.03766025641025641 0.047952586206896554
0 0.44511217948717946 0.07058189655172414 0.048477564102564104 0.041487068965517244
0 0.390625 0.24676724137931033 0.038461538461538464 0.0447198275862069
0 0.27684294871794873 0.9024784482758621 0.03445512820512821 0.04040948275862069
0 0.3501602564102564 0.5242456896551724 0.044070512820512824 0.03879310344827586
0 0.7724358974358975 0.13523706896551724 0.037259615384615384 0.05064655172413793
0 0.8205128205128205 0.7494612068965517 0.04046474358974359 0.04202586206896552
0 0.8733974358974359 0.2429956896551724 0.036057692307692304 0.03286637931034483
0 0.5749198717948718 0.04525862068965517 0.044070512820512824 0.045797413793103446
0 0.2952724358974359 0.3324353448275862 0.036458333333333336 0.04849137931034483
0 0.8249198717948718 0.6400862068965517 0.03806089743589743 0.04525862068965517
0 0.23076923076923078 0.13577586206896552 0.03685897435897436 0.03609913793103448
0 0.9643429487179487 0.8318965517241379 0.030849358974358976 0.03987068965517242
0 0.052884615384615384 0.11745689655172414 0.03565705128205128 0.0447198275862069
0 0.4238782051282051 0.8701508620689655 0.02564102564102564 0.047952586206896554
0 0.7800480769230769 0.9806034482758621 0.03445512820512821 0.03879310344827586
0 0.18189102564102563 0.4358836206896552 0.03926282051282051 0.030711206896551723
0 0.8145032051282052 0.421875 0.037259615384615384 0.04256465517241379
0 0.038461538461538464 0.08189655172413793 0.03325320512820513 0.04040948275862069
0 0.6915064102564102 0.20420258620689655 0.03685897435897436 0.05603448275862069
0 0.1762820512820513 0.10021551724137931 0.03445512820512821 0.05495689655172414
0 0.5989583333333334 0.1939655172413793 0.04807692307692308 0.05172413793103448
0 0.5953525641025641 0.9251077586206896 0.026442307692307692 0.04741379310344827
0 0.8545673076923077 0.08620689655172414 0.04326923076923077 0.04741379310344827
0 0.43990384615384615 0.7634698275862069 0.040865384615384616 0.056573275862068964
0 0.43349358974358976 0.5010775862068966 0.042067307692307696 0.0334051724137931
0 0.07852564102564102 0.47683189655172414 0.04006410256410257 0.04956896551724138
0 0.8770032051282052 0.44773706896551724 0.051682692307692304 0.059267241379310345
0 0.9182692307692307 0.7817887931034483 0.03485576923076923 0.037176724137931036
0 0.125 0.7914870689655172 0.027644230769230768 0.05441810344827586
0 0.2568108974358974 0.1788793103448276 0.03205128205128205 0.03502155172413793
0 0.6678685897435898 0.41540948275862066 0.03245192307692308 0.04310344827586207