0 0.8020833333333334 0.23922413793103448 0.04046474358974359 0.05118534482758621
0 0.15625 0.7914870689655172 0.03886217948717949 0.041487068965517244
0 0.48838141025641024 0.5140086206896551 0.04006410256410257 0.03502155172413793
0 0.2387820512820513 0.28502155172413796 0.04366987179487179 0.04310344827586207
0 0.8842147435897436 0.13038793103448276 0.03325320512820513 0.0447198275862069
0 0.1702724358974359 0.14439655172413793 0.03485576923076923 0.050107758620689655
0 0.312900641025641 0.4816810344827586 0.04006410256410257 0.04202586206896552
0 0.7740384615384616 0.3793103448275862 0.03926282051282051 0.04849137931034483
0 0.9046474358974359 0.3793103448275862 0.03445512820512821 0.0490301724137931
0 0.4563301282051282 0.15948275862068967 0.03926282051282051 0.04202586206896552
0 0.4014423076923077 0.4983836206896552 0.03886217948717949 0.03987068965517242
0 0.5825320512820513 0.5172413793103449 0.042868589743589744 0.03609913793103448
0 0.5596955128205128 0.4504310344827586 0.032852564102564104 0.0490301724137931
0 0.7267628205128205 0.23922413793103448 0.034054487179487176 0.05441810344827586
0 0.9387019230769231 0.8712284482758621 0.04126602564102564 0.04633620689655173
0 0.6041666666666666 0.6848060344827587 0.037259615384615384 0.03771551724137931
0 0.40224358974358976 0.8103448275862069 0.03766025641025641 0.04741379310344827
0 0.6310096153846154 0.7737068965517241 0.040865384615384616 0.04040948275862069
0 0.250400641025641 0.697198275862069 0.034054487179487176 0.0334051724137931
0 0.7584134615384616 0.6821120689655172 0.03565705128205128 0.041487068965517244
0 0.5833333333333334 0.8195043103448276 0.03325320512820513 0.046875
0 0.1842948717948718 0.9084051724137931 0.042868589743589744 0.04202586206896552
0 0.9699519230769231 0.9703663793103449 0.03445512820512821 0.03609913793103448
0 0.7379807692307693 0.015625 0.048477564102564104 0.03125
0 0.984375 0.14439655172413793 0.030849358974358976 0.0334051724137931
0 0.9306891025641025 0.6099137931034483 0.03365384615384615 0.03125
0 0.5244391025641025 0.0447198275862069 0.04607371794871795 0.03771551724137931
0 0.015625 0.020474137931034482 0.03125 0.036637931034482756
0 0.012419871794871794 0.8351293103448276 0.024839743589743588 0.043642241379310345
0 0.4791666666666667 0.2505387931034483 0.044070512820512824 0.0490301724137931
0 0.3657852564102564 0.07866379310344827 0.03445512820512821 0.05064655172413793
0 0.31690705128205127 0.744073275862069 0.046474358974358976 0.04418103448275862
0 0.3994391025641026 0.9552801724137931 0.049679487179487176 0.03879310344827586
0 0.9495192307692307 0.537176724137931 0.028044871794871796 0.046875
0 0.8609775641025641 0.8529094827586207 0.051682692307692304 0.034482758620689655
0 0.042067307692307696 0.6885775862068966 0.03125 0.0490301724137931
0 0.6386217948717948 0.9692887931034483 0.03886217948717949 0.045797413793103446
0 0.03125 0.35129310344827586 0.034054487179487176 0.045797413793103446
0 0.11578525641025642 0.9369612068965517 0.021634615384615384 0.052262931034482756
0 0.35216346153846156 0.3890086206896552 0.03245192307692308 0.046875