0 0.3401442307692308 0.39385775862068967 0.037259615384615384 0.057112068965517244
0 0.7624198717948718 0.8329741379310345 0.03806089743589743 0.04741379310344827
0 0.2015224358974359 0.8297413793103449 0.037259615384615384 0.05818965517241379
0 0.7704326923076923 0.6918103448275862 0.039663461538461536 0.052262931034482756
0 0.05248397435897436 0.47898706896551724 0.036057692307692304 0.056573275862068964
0 0.12540064102564102 0.8017241379310345 0.032852564102564104 0.05495689655172414
0 0.9170673076923077 0.818426724137931 0.03565705128205128 0.043642241379310345
0 0.07572115384615384 0.6907327586206896 0.036458333333333336 0.04741379310344827
0 0.9447115384615384 0.029633620689655173 0.036057692307692304 0.05064655172413793
0 0.7796474358974359 0.6325431034482759 0.04807692307692308 0.05064655172413793
0 0.8457532051282052 0.38254310344827586 0.03365384615384615 0.052801724137931036
0 0.3894230769230769 0.9542025862068966 0.04246794871794872 0.045797413793103446
0 0.5264423076923077 0.9606681034482759 0.035256410256410256 0.05334051724137931
0 0.8810096153846154 0.8879310344827587 0.042067307692307696 0.05064655172413793
0 0.609375 0.2510775862068966 0.035256410256410256 0.0490301724137931
0 0.9234775641025641 0.865301724137931 0.039663461538461536 0.04202586206896552
0 0.013221153846153846 0.328125 0.02564102564102564 0.05765086206896552
0 0.17828525641025642 0.9267241379310345 0.03886217948717949 0.05334051724137931
0 0.19951923076923078 0.984375 0.04366987179487179 0.030711206896551723
0 0.9887820512820513 0.6325431034482759 0.022435897435897436 0.04956896551724138
0 0.5420673076923077 0.8502155172413793 0.030448717948717948 0.06196120689655173
0 0.4395032051282051 0.681573275862069 0.036057692307692304 0.057112068965517244
0 0.4479166666666667 0.36637931034482757 0.032852564102564104 0.05765086206896552
0 0.37580128205128205 0.025323275862068964 0.035256410256410256 0.05064655172413793
0 0.3786057692307692 0.6885775862068966 0.046474358974358976 0.05441810344827586
0 0.09615384615384616 0.3728448275862069 0.038461538461538464 0.05765086206896552
0 0.9499198717948718 0.48814655172413796 0.040865384615384616 0.05064655172413793
0 0.7247596153846154 0.9035560344827587 0.039663461538461536 0.05441810344827586
0 0.9270833333333334 0.3798491379310345 0.036057692307692304 0.056573275862068964
0 0.039663461538461536 0.9768318965517241 0.036057692307692304 0.043642241379310345
0 0.6089743589743589 0.9391163793103449 0.03766025641025641 0.05064655172413793
0 0.31971153846153844 0.30010775862068967 0.044070512820512824 0.057112068965517244
0 0.4951923076923077 0.3895474137931034 0.03445512820512821 0.057112068965517244
0 0.44911858974358976 0.296875 0.03806089743589743 0.05064655172413793
0 0.15144230769230768 0.16109913793103448 0.03766025641025641 0.052262931034482756
0 0.19431089743589744 0.1567887931034483 0.044070512820512824 0.06196120689655173
0 0.6366185897435898 0.22629310344827586 0.039663461538461536 0.05818965517241379
0 0.6254006410256411 0.5495689655172413 0.04447115384615385 0.04525862068965517
0 0.6113782051282052 0.6276939655172413 0.046875 0.05872844827586207
0 0.3000801282051282 0.47198275862068967 0.04567307692307692 0.05118534482758621
0 0.4050480769230769 0.1853448275862069 0.04887820512820513 0.05441810344827586
0 0.4891826923076923 0.9391163793103449 0.03766025641025641 0.056573275862068964
0 0.31971153846153844 0.5075431034482759 0.040865384615384616 0.041487068965517244
0 0.5665064102564102 0.029633620689655173 0.03685897435897436 0.032327586206896554
0 0.4427083333333333 0.49407327586206895 0.04487179487179487 0.04633620689655173
0 0.6165865384615384 0.6761853448275862 0.03926282051282051 0.0490301724137931