0 0.13221153846153846 0.08405172413793104 0.03485576923076923 0.03286637931034483
0 0.19030448717948717 0.09536637931034483 0.036458333333333336 0.04040948275862069
0 0.19911858974358973 0.017241379310344827 0.03125 0.03394396551724138
0 0.3261217948717949 0.05387931034482758 0.032852564102564104 0.04418103448275862
0 0.18709935897435898 0.3798491379310345 0.036458333333333336 0.0625
0 0.3092948717948718 0.46012931034482757 0.02844551282051282 0.05603448275862069
0 0.38060897435897434 0.4547413793103448 0.03565705128205128 0.04040948275862069
0 0.3770032051282051 0.5775862068965517 0.037259615384615384 0.05495689655172414
0 0.14943910256410256 0.6514008620689655 0.034054487179487176 0.06842672413793104
0 0.059695512820512824 0.7489224137931034 0.036057692307692304 0.04418103448275862
0 0.049679487179487176 0.6858836206896551 0.02844551282051282 0.04633620689655173
0 0.4723557692307692 0.7300646551724138 0.03325320512820513 0.06411637931034483
0 0.5544871794871795 0.7467672413793104 0.03445512820512821 0.05980603448275862
0 0.577323717948718 0.650323275862069 0.049679487179487176 0.04418103448275862
0 0.5685096153846154 0.5210129310344828 0.02123397435897436 0.04849137931034483
0 0.27283653846153844 0.8706896551724138 0.028044871794871796 0.05118534482758621
0 0.08052884615384616 0.9110991379310345 0.029647435897435896 0.04849137931034483
0 0.5448717948717948 0.9024784482758621 0.036458333333333336 0.036637931034482756
0 0.6137820512820513 0.9676724137931034 0.04006410256410257 0.0447198275862069
0 0.20232371794871795 0.9283405172413793 0.034054487179487176 0.05603448275862069
0 0.7556089743589743 0.84375 0.03125 0.05387931034482758
0 0.9559294871794872 0.8044181034482759 0.04487179487179487 0.0447198275862069
0 0.9631410256410257 0.703125 0.02844551282051282 0.05118534482758621
0 0.8902243589743589 0.6540948275862069 0.03766025641025641 0.050107758620689655
0 0.8052884615384616 0.33135775862068967 0.02123397435897436 0.04418103448275862
0 0.6566506410256411 0.2823275862068966 0.036458333333333336 0.030711206896551723
0 0.6089743589743589 0.2526939655172414 0.03926282051282051 0.045797413793103446
0 0.6262019230769231 0.07704741379310345 0.03886217948717949 0.04202586206896552
0 0.5300480769230769 0.4859913793103448 0.044070512820512824 0.04310344827586207
0 0.7832532051282052 0.5851293103448276 0.02123397435897436 0.045797413793103446
0 0.8405448717948718 0.07004310344827586 0.028044871794871796 0.05818965517241379