0 0.20993589743589744 0.17079741379310345 0.03886217948717949 0.052262931034482756
0 0.09455128205128205 0.6029094827586207 0.039663461538461536 0.0490301724137931
0 0.49038461538461536 0.30064655172413796 0.035256410256410256 0.04256465517241379
0 0.2904647435897436 0.0894396551724138 0.037259615384615384 0.0447198275862069
0 0.8048878205128205 0.4536637931034483 0.040865384615384616 0.04310344827586207
0 0.8934294871794872 0.4515086206896552 0.04567307692307692 0.04040948275862069
0 0.7800480769230769 0.6276939655172413 0.036057692307692304 0.052262931034482756
0 0.8733974358974359 0.8782327586206896 0.05128205128205128 0.04040948275862069
0 0.8782051282051282 0.04849137931034483 0.03445512820512821 0.03987068965517242
0 0.7059294871794872 0.3297413793103448 0.03766025641025641 0.046875
0 0.3489583333333333 0.39655172413793105 0.04046474358974359 0.04310344827586207
0 0.5793269230769231 0.2349137931034483 0.04487179487179487 0.040948275862068964
0 0.4234775641025641 0.5921336206896551 0.040865384615384616 0.0447198275862069
0 0.969551282051282 0.26939655172413796 0.04046474358974359 0.04310344827586207
0 0.6742788461538461 0.8394396551724138 0.040865384615384616 0.036637931034482756
0 0.5953525641025641 0.7117456896551724 0.034054487179487176 0.047952586206896554
0 0.7748397435897436 0.7570043103448276 0.03565705128205128 0.046875
0 0.48717948717948717 0.896551724137931 0.040865384615384616 0.046875
0 0.35697115384615385 0.5797413793103449 0.04366987179487179 0.03502155172413793
0 0.06891025641025642 0.07758620689655173 0.03365384615384615 0.05172413793103448
0 0.18629807692307693 0.6239224137931034 0.03325320512820513 0.05334051724137931
0 0.9250801282051282 0.7537715517241379 0.044070512820512824 0.03933189655172414
0 0.2311698717948718 0.3415948275862069 0.03886217948717949 0.04310344827586207
0 0.6991185897435898 0.9348060344827587 0.039663461538461536 0.0603448275862069
0 0.13341346153846154 0.8426724137931034 0.046474358974358976 0.0334051724137931
0 0.02564102564102564 0.9859913793103449 0.04567307692307692 0.028017241379310345
0 0.4895833333333333 0.7790948275862069 0.042067307692307696 0.034482758620689655
0 0.7271634615384616 0.13685344827586207 0.046875 0.037176724137931036
0 0.4094551282051282 0.3879310344827586 0.03485576923076923 0.03017241379310345
0 0.17267628205128205 0.3130387931034483 0.03685897435897436 0.03825431034482758
0 0.4499198717948718 0.015086206896551725 0.03485576923076923 0.029633620689655173
0 0.10176282051282051 0.17295258620689655 0.038461538461538464 0.06196120689655173
0 0.21354166666666666 0.8410560344827587 0.03245192307692308 0.045797413793103446
0 0.2644230769230769 0.9353448275862069 0.030448717948717948 0.05765086206896552
0 0.7223557692307693 0.7575431034482759 0.04607371794871795 0.03286637931034483