0 0.10496794871794872 0.5344827586206896 0.04046474358974359 0.04256465517241379
0 0.5068108974358975 0.07058189655172414 0.031650641025641024 0.050107758620689655
0 0.7560096153846154 0.7769396551724138 0.03445512820512821 0.04849137931034483
0 0.11818910256410256 0.8275862068965517 0.036057692307692304 0.04741379310344827
0 0.7307692307692307 0.7020474137931034 0.04326923076923077 0.03933189655172414
0 0.09655448717948718 0.9073275862068966 0.036057692307692304 0.04633620689655173
0 0.5817307692307693 0.22036637931034483 0.04487179487179487 0.04040948275862069
0 0.14102564102564102 0.09859913793103449 0.03766025641025641 0.04418103448275862
0 0.5408653846153846 0.7828663793103449 0.035256410256410256 0.04256465517241379
0 0.7848557692307693 0.4078663793103448 0.037259615384615384 0.03987068965517242
0 0.8173076923076923 0.46875 0.03365384615384615 0.05603448275862069
0 0.43990384615384615 0.33512931034482757 0.032852564102564104 0.04525862068965517
0 0.9118589743589743 0.05872844827586207 0.036458333333333336 0.047952586206896554
0 0.21955128205128205 0.04256465517241379 0.03245192307692308 0.05603448275862069
0 0.3405448717948718 0.8001077586206896 0.05048076923076923 0.03987068965517242
0 0.31650641025641024 0.16163793103448276 0.03886217948717949 0.036637931034482756
0 0.09174679487179487 0.050107758620689655 0.03926282051282051 0.04525862068965517
0 0.828125 0.11206896551724138 0.04046474358974359 0.03825431034482758
0 0.8930288461538461 0.9046336206896551 0.037259615384615384 0.0447198275862069
0 0.9787660256410257 0.915948275862069 0.04246794871794872 0.041487068965517244
0 0.109375 0.9585129310344828 0.03766025641025641 0.04040948275862069
0 0.6746794871794872 0.8868534482758621 0.03445512820512821 0.03879310344827586
0 0.8417467948717948 0.16648706896551724 0.029647435897435896 0.02586206896551724
0 0.012419871794871794 0.755926724137931 0.024839743589743588 0.052801724137931036
0 0.9190705128205128 0.9428879310344828 0.042067307692307696 0.041487068965517244
0 0.4202724358974359 0.6142241379310345 0.031650641025641024 0.03125
0 0.0797275641025641 0.014547413793103448 0.038461538461538464 0.028556034482758622
0 0.4583333333333333 0.034482758620689655 0.034054487179487176 0.03178879310344827
0 0.5176282051282052 0.9865301724137931 0.03565705128205128 0.026400862068965518
0 0.20673076923076922 0.7354525862068966 0.03125 0.06196120689655173
0 0.1935096153846154 0.21443965517241378 0.031650641025641024 0.05818965517241379
0 0.3501602564102564 0.23275862068965517 0.04767628205128205 0.0447198275862069
0 0.46073717948717946 0.5695043103448276 0.046474358974358976 0.043642241379310345
0 0.44871794871794873 0.4067887931034483 0.04326923076923077 0.037176724137931036
0 0.6318108974358975 0.8927801724137931 0.03205128205128205 0.05818965517241379
0 0.6057692307692307 0.7252155172413793 0.04126602564102564 0.04633620689655173
0 0.5208333333333334 0.9294181034482759 0.03685897435897436 0.05172413793103448
0 0.016025641025641024 0.5614224137931034 0.031650641025641024 0.04310344827586207
0 0.6967147435897436 0.3480603448275862 0.04607371794871795 0.03825431034482758
0 0.5925480769230769 0.5533405172413793 0.03125 0.061422413793103446
0 0.2063301282051282 0.47898706896551724 0.034054487179487176 0.05172413793103448
0 0.32211538461538464 0.8938577586206896 0.03766025641025641 0.03987068965517242
0 0.7111378205128205 0.007004310344827586 0.04887820512820513 0.013469827586206896