0 0.11458333333333333 0.7769396551724138 0.037259615384615384 0.05603448275862069
0 0.04246794871794872 0.9040948275862069 0.036458333333333336 0.0490301724137931
0 0.12059294871794872 0.02478448275862069 0.048477564102564104 0.04956896551724138
0 0.3000801282051282 0.1788793103448276 0.03565705128205128 0.05118534482758621
0 0.9603365384615384 0.47521551724137934 0.04487179487179487 0.04310344827586207
0 0.042868589743589744 0.6390086206896551 0.039663461538461536 0.045797413793103446
0 0.5825320512820513 0.24730603448275862 0.04246794871794872 0.05495689655172414
0 0.8713942307692307 0.4703663793103448 0.039663461538461536 0.05495689655172414
0 0.05248397435897436 0.23329741379310345 0.042067307692307696 0.04741379310344827
0 0.8237179487179487 0.4951508620689655 0.03886217948717949 0.05334051724137931
0 0.4823717948717949 0.9725215517241379 0.04246794871794872 0.05495689655172414
0 0.5572916666666666 0.7176724137931034 0.032852564102564104 0.04741379310344827
0 0.13020833333333334 0.6540948275862069 0.04447115384615385 0.0334051724137931
0 0.8100961538461539 0.2429956896551724 0.044070512820512824 0.05603448275862069
0 0.16466346153846154 0.9337284482758621 0.042868589743589744 0.03502155172413793
0 0.6262019230769231 0.7467672413793104 0.03806089743589743 0.05441810344827586
0 0.985176282051282 0.8098060344827587 0.029246794871794872 0.05064655172413793
0 0.5941506410256411 0.34375 0.046875 0.059267241379310345
0 0.29607371794871795 0.5964439655172413 0.040865384615384616 0.0625
0 0.23517628205128205 0.3636853448275862 0.04447115384615385 0.041487068965517244
0 0.09415064102564102 0.9870689655172413 0.03445512820512821 0.02586206896551724
0 0.8409455128205128 0.8275862068965517 0.04126602564102564 0.036637931034482756
0 0.9611378205128205 0.034482758620689655 0.03685897435897436 0.061422413793103446
0 0.2604166666666667 0.45851293103448276 0.04126602564102564 0.0603448275862069
0 0.8313301282051282 0.9865301724137931 0.036057692307692304 0.02693965517241379
0 0.4751602564102564 0.5872844827586207 0.035256410256410256 0.04202586206896552
0 0.7964743589743589 0.8954741379310345 0.03445512820512821 0.03609913793103448
0 0.6209935897435898 0.5630387931034483 0.04246794871794872 0.03502155172413793
0 0.7588141025641025 0.01993534482758621 0.030448717948717948 0.03987068965517242
0 0.5412660256410257 0.04418103448275862 0.03565705128205128 0.02478448275862069
0 0.3457532051282051 0.21066810344827586 0.03245192307692308 0.029633620689655173
0 0.5096153846153846 0.16756465517241378 0.024839743589743588 0.04040948275862069