0 0.09375 0.6907327586206896 0.03926282051282051 0.0490301724137931
0 0.8946314102564102 0.7774784482758621 0.04366987179487179 0.03394396551724138
0 0.11818910256410256 0.06088362068965517 0.03806089743589743 0.04202586206896552
0 0.6245993589743589 0.15086206896551724 0.035256410256410256 0.04849137931034483
0 0.9659455128205128 0.8044181034482759 0.044070512820512824 0.03933189655172414
0 0.672676282051282 0.5441810344827587 0.03886217948717949 0.050107758620689655
0 0.48157051282051283 0.8168103448275862 0.03926282051282051 0.05118534482758621
0 0.23838141025641027 0.7424568965517241 0.03806089743589743 0.045797413793103446
0 0.028846153846153848 0.0824353448275862 0.04006410256410257 0.05818965517241379
0 0.1374198717948718 0.18211206896551724 0.039663461538461536 0.05064655172413793
0 0.8453525641025641 0.8669181034482759 0.04326923076923077 0.043642241379310345
0 0.47435897435897434 0.2925646551724138 0.045272435897435896 0.037176724137931036
0 0.5380608974358975 0.31842672413793105 0.04006410256410257 0.04310344827586207
0 0.11458333333333333 0.9326508620689655 0.047275641025641024 0.04040948275862069
0 0.90625 0.33405172413793105 0.03685897435897436 0.05495689655172414
0 0.203125 0.40032327586206895 0.035256410256410256 0.05495689655172414
0 0.27323717948717946 0.7979525862068966 0.04126602564102564 0.05334051724137931
0 0.6025641025641025 0.41864224137931033 0.036458333333333336 0.05872844827586207
0 0.28966346153846156 0.43157327586206895 0.036458333333333336 0.05818965517241379
0 0.7728365384615384 0.47844827586206895 0.04326923076923077 0.034482758620689655
0 0.35376602564102566 0.7936422413793104 0.032852564102564104 0.046875
0 0.7487980769230769 0.02586206896551724 0.041666666666666664 0.03178879310344827
0 0.5432692307692307 0.5140086206896551 0.041666666666666664 0.050107758620689655
0 0.3842147435897436 0.6551724137931034 0.039663461538461536 0.0447198275862069
0 0.5384615384615384 0.9838362068965517 0.03125 0.03178879310344827
0 0.6314102564102564 0.8895474137931034 0.03806089743589743 0.04525862068965517
0 0.019631410256410256 0.568426724137931 0.03886217948717949 0.03825431034482758
0 0.4495192307692308 0.9870689655172413 0.037259615384615384 0.02478448275862069
0 0.3213141025641026 0.6627155172413793 0.030448717948717948 0.056573275862068964
0 0.9182692307692307 0.9865301724137931 0.031650641025641024 0.02586206896551724
0 0.9459134615384616 0.9251077586206896 0.035256410256410256 0.0334051724137931
0 0.9014423076923077 0.02693965517241379 0.052083333333333336 0.045797413793103446
0 0.9939903846153846 0.27262931034482757 0.011618589743589744 0.04633620689655173